"File Name","Label"
"2021-05-07-13-02-29-Messung_5_(J)_0.csv","NoPerson"
"2021-05-07-13-02-29-Messung_5_(J)_1.csv","NoPerson"
"2021-05-07-13-02-29-Messung_5_(J)_2.csv","NoPerson"
"2021-05-07-13-02-30-Messung_5_(J)_3.csv","NoPerson"
"2021-05-07-13-02-30-Messung_5_(J)_4.csv","NoPerson"
"2021-05-07-13-02-30-Messung_5_(J)_5.csv","NoPerson"
"2021-05-07-13-02-30-Messung_5_(J)_6.csv","NoPerson"
"2021-05-07-13-02-30-Messung_5_(J)_7.csv","NoPerson"
"2021-05-07-13-02-30-Messung_5_(J)_8.csv","NoPerson"
"2021-05-07-13-02-30-Messung_5_(J)_9.csv","NoPerson"
"2021-05-07-13-02-30-Messung_5_(J)_10.csv","NoPerson"
"2021-05-07-13-02-30-Messung_5_(J)_11.csv","NoPerson"
"2021-05-07-13-02-30-Messung_5_(J)_12.csv","NoPerson"
"2021-05-07-13-02-30-Messung_5_(J)_13.csv","SitOnEdge"
"2021-05-07-13-02-30-Messung_5_(J)_14.csv","SitOnEdge"
"2021-05-07-13-02-30-Messung_5_(J)_15.csv","SitOnEdge"
"2021-05-07-13-02-30-Messung_5_(J)_16.csv","SitOnEdge"
"2021-05-07-13-02-30-Messung_5_(J)_17.csv","SitOnEdge"
"2021-05-07-13-02-30-Messung_5_(J)_18.csv","SitOnEdge"
"2021-05-07-13-02-30-Messung_5_(J)_19.csv","SitOnEdge"
"2021-05-07-13-02-30-Messung_5_(J)_20.csv","SitOnEdge"
"2021-05-07-13-02-31-Messung_5_(J)_21.csv","SitOnEdge"
"2021-05-07-13-02-31-Messung_5_(J)_22.csv","SittingOnEdge"
"2021-05-07-13-02-31-Messung_5_(J)_23.csv","SittingOnEdge"
"2021-05-07-13-02-31-Messung_5_(J)_24.csv","SittingOnEdge"
"2021-05-07-13-02-31-Messung_5_(J)_25.csv","SittingOnEdge"
"2021-05-07-13-02-31-Messung_5_(J)_26.csv","SittingOnEdge"
"2021-05-07-13-02-31-Messung_5_(J)_27.csv","SittingOnEdge"
"2021-05-07-13-02-31-Messung_5_(J)_28.csv","SittingOnEdge"
"2021-05-07-13-02-31-Messung_5_(J)_29.csv","SittingOnEdge"
"2021-05-07-13-02-31-Messung_5_(J)_30.csv","SittingOnEdge"
"2021-05-07-13-02-31-Messung_5_(J)_31.csv","SittingOnEdge"
"2021-05-07-13-02-31-Messung_5_(J)_32.csv","SittingOnEdge"
"2021-05-07-13-02-31-Messung_5_(J)_33.csv","SittingOnEdge"
"2021-05-07-13-02-31-Messung_5_(J)_34.csv","SittingOnEdge"
"2021-05-07-13-02-31-Messung_5_(J)_35.csv","SittingOnEdge"
"2021-05-07-13-02-31-Messung_5_(J)_36.csv","SittingOnEdge"
"2021-05-07-13-02-31-Messung_5_(J)_37.csv","SittingOnEdge"
"2021-05-07-13-02-31-Messung_5_(J)_38.csv","SittingOnEdge"
"2021-05-07-13-02-32-Messung_5_(J)_39.csv","SittingOnEdge"
"2021-05-07-13-02-32-Messung_5_(J)_40.csv","SittingOnEdge"
"2021-05-07-13-02-32-Messung_5_(J)_41.csv","SittingOnEdge"
"2021-05-07-13-02-32-Messung_5_(J)_42.csv","SittingOnEdge"
"2021-05-07-13-02-32-Messung_5_(J)_43.csv","SittingOnEdge"
"2021-05-07-13-02-32-Messung_5_(J)_44.csv","SittingOnEdge"
"2021-05-07-13-02-32-Messung_5_(J)_45.csv","SittingOnEdge"
"2021-05-07-13-02-32-Messung_5_(J)_46.csv","SittingOnEdge"
"2021-05-07-13-02-32-Messung_5_(J)_47.csv","SittingOnEdge"
"2021-05-07-13-02-32-Messung_5_(J)_48.csv","SittingOnEdge"
"2021-05-07-13-02-32-Messung_5_(J)_49.csv","SittingOnEdge"
"2021-05-07-13-02-32-Messung_5_(J)_50.csv","SittingOnEdge"
"2021-05-07-13-02-32-Messung_5_(J)_51.csv","SittingOnEdge"
"2021-05-07-13-02-32-Messung_5_(J)_52.csv","SittingOnEdge"
"2021-05-07-13-02-32-Messung_5_(J)_53.csv","SittingOnEdge"
"2021-05-07-13-02-32-Messung_5_(J)_54.csv","SittingOnEdge"
"2021-05-07-13-02-32-Messung_5_(J)_55.csv","SittingOnEdge"
"2021-05-07-13-02-33-Messung_5_(J)_56.csv","SittingOnEdge"
"2021-05-07-13-02-33-Messung_5_(J)_57.csv","SittingOnEdge"
"2021-05-07-13-02-33-Messung_5_(J)_58.csv","SittingOnEdge"
"2021-05-07-13-02-33-Messung_5_(J)_59.csv","SittingOnEdge"
"2021-05-07-13-02-33-Messung_5_(J)_60.csv","SittingOnEdge"
"2021-05-07-13-02-33-Messung_5_(J)_61.csv","SittingOnEdge"
"2021-05-07-13-02-33-Messung_5_(J)_62.csv","SittingOnEdge"
"2021-05-07-13-02-33-Messung_5_(J)_63.csv","SittingOnEdge"
"2021-05-07-13-02-33-Messung_5_(J)_64.csv","SittingOnEdge"
"2021-05-07-13-02-33-Messung_5_(J)_65.csv","SittingOnEdge"
"2021-05-07-13-02-33-Messung_5_(J)_66.csv","SittingOnEdge"
"2021-05-07-13-02-33-Messung_5_(J)_67.csv","SittingOnEdge"
"2021-05-07-13-02-33-Messung_5_(J)_68.csv","SittingOnEdge"
"2021-05-07-13-02-33-Messung_5_(J)_69.csv","SittingOnEdge"
"2021-05-07-13-02-33-Messung_5_(J)_70.csv","SittingOnEdge"
"2021-05-07-13-02-33-Messung_5_(J)_71.csv","SittingOnEdge"
"2021-05-07-13-02-33-Messung_5_(J)_72.csv","SittingOnEdge"
"2021-05-07-13-02-33-Messung_5_(J)_73.csv","SittingOnEdge"
"2021-05-07-13-02-34-Messung_5_(J)_74.csv","SittingOnEdge"
"2021-05-07-13-02-34-Messung_5_(J)_75.csv","SittingOnEdge"
"2021-05-07-13-02-34-Messung_5_(J)_76.csv","SittingOnEdge"
"2021-05-07-13-02-34-Messung_5_(J)_77.csv","SittingOnEdge"
"2021-05-07-13-02-34-Messung_5_(J)_78.csv","SittingOnEdge"
"2021-05-07-13-02-34-Messung_5_(J)_79.csv","SittingOnEdge"
"2021-05-07-13-02-34-Messung_5_(J)_80.csv","SittingOnEdge"
"2021-05-07-13-02-34-Messung_5_(J)_81.csv","SittingOnEdge"
"2021-05-07-13-02-34-Messung_5_(J)_82.csv","SittingOnEdge"
"2021-05-07-13-02-34-Messung_5_(J)_83.csv","SittingOnEdge"
"2021-05-07-13-02-34-Messung_5_(J)_84.csv","SittingOnEdge"
"2021-05-07-13-02-34-Messung_5_(J)_85.csv","SittingOnEdge"
"2021-05-07-13-02-34-Messung_5_(J)_86.csv","SittingOnEdge"
"2021-05-07-13-02-34-Messung_5_(J)_87.csv","SittingOnEdge"
"2021-05-07-13-02-34-Messung_5_(J)_88.csv","SittingOnEdge"
"2021-05-07-13-02-34-Messung_5_(J)_89.csv","SittingOnEdge"
"2021-05-07-13-02-34-Messung_5_(J)_90.csv","SittingOnEdge"
"2021-05-07-13-02-34-Messung_5_(J)_91.csv","SittingOnEdge"
"2021-05-07-13-02-35-Messung_5_(J)_92.csv","SittingOnEdge"
"2021-05-07-13-02-35-Messung_5_(J)_93.csv","SittingOnEdge"
"2021-05-07-13-02-35-Messung_5_(J)_94.csv","SittingOnEdge"
"2021-05-07-13-02-35-Messung_5_(J)_95.csv","SittingOnEdge"
"2021-05-07-13-02-35-Messung_5_(J)_96.csv","SittingOnEdge"
"2021-05-07-13-02-35-Messung_5_(J)_97.csv","SittingOnEdge"
"2021-05-07-13-02-35-Messung_5_(J)_98.csv","SittingOnEdge"
"2021-05-07-13-02-35-Messung_5_(J)_99.csv","SittingOnEdge"
"2021-05-07-13-02-35-Messung_5_(J)_100.csv","SittingOnEdge"
"2021-05-07-13-02-35-Messung_5_(J)_101.csv","SittingOnEdge"
"2021-05-07-13-02-35-Messung_5_(J)_102.csv","SittingOnEdge"
"2021-05-07-13-02-35-Messung_5_(J)_103.csv","SittingOnEdge"
"2021-05-07-13-02-35-Messung_5_(J)_104.csv","SittingOnEdge"
"2021-05-07-13-02-35-Messung_5_(J)_105.csv","SittingOnEdge"
"2021-05-07-13-02-35-Messung_5_(J)_106.csv","SittingOnEdge"
"2021-05-07-13-02-35-Messung_5_(J)_107.csv","SittingOnEdge"
"2021-05-07-13-02-35-Messung_5_(J)_108.csv","SittingOnEdge"
"2021-05-07-13-02-36-Messung_5_(J)_109.csv","SittingOnEdge"
"2021-05-07-13-02-36-Messung_5_(J)_110.csv","SittingOnEdge"
"2021-05-07-13-02-36-Messung_5_(J)_111.csv","SittingOnEdge"
"2021-05-07-13-02-36-Messung_5_(J)_112.csv","SittingOnEdge"
"2021-05-07-13-02-36-Messung_5_(J)_113.csv","SittingOnEdge"
"2021-05-07-13-02-36-Messung_5_(J)_114.csv","SittingOnEdge"
"2021-05-07-13-02-36-Messung_5_(J)_115.csv","SittingOnEdge"
"2021-05-07-13-02-36-Messung_5_(J)_116.csv","SittingOnEdge"
"2021-05-07-13-02-36-Messung_5_(J)_117.csv","SittingOnEdge"
"2021-05-07-13-02-36-Messung_5_(J)_118.csv","SittingOnEdge"
"2021-05-07-13-02-36-Messung_5_(J)_119.csv","SittingOnEdge"
"2021-05-07-13-02-36-Messung_5_(J)_120.csv","SittingOnEdge"
"2021-05-07-13-02-36-Messung_5_(J)_121.csv","SittingOnEdge"
"2021-05-07-13-02-36-Messung_5_(J)_122.csv","SittingOnEdge"
"2021-05-07-13-02-36-Messung_5_(J)_123.csv","SittingOnEdge"
"2021-05-07-13-02-36-Messung_5_(J)_124.csv","SittingOnEdge"
"2021-05-07-13-02-36-Messung_5_(J)_125.csv","SittingOnEdge"
"2021-05-07-13-02-36-Messung_5_(J)_126.csv","SittingOnEdge"
"2021-05-07-13-02-37-Messung_5_(J)_127.csv","SittingOnEdge"
"2021-05-07-13-02-37-Messung_5_(J)_128.csv","SittingOnEdge"
"2021-05-07-13-02-37-Messung_5_(J)_129.csv","SittingOnEdge"
"2021-05-07-13-02-37-Messung_5_(J)_130.csv","SittingOnEdge"
"2021-05-07-13-02-37-Messung_5_(J)_131.csv","SittingOnEdge"
"2021-05-07-13-02-37-Messung_5_(J)_132.csv","SittingOnEdge"
"2021-05-07-13-02-37-Messung_5_(J)_133.csv","SittingOnEdge"
"2021-05-07-13-02-37-Messung_5_(J)_134.csv","SittingOnEdge"
"2021-05-07-13-02-37-Messung_5_(J)_135.csv","SittingOnEdge"
"2021-05-07-13-02-37-Messung_5_(J)_136.csv","SittingOnEdge"
"2021-05-07-13-02-37-Messung_5_(J)_137.csv","SittingOnEdge"
"2021-05-07-13-02-37-Messung_5_(J)_138.csv","SittingOnEdge"
"2021-05-07-13-02-37-Messung_5_(J)_139.csv","SittingOnEdge"
"2021-05-07-13-02-37-Messung_5_(J)_140.csv","SittingOnEdge"
"2021-05-07-13-02-37-Messung_5_(J)_141.csv","SittingOnEdge"
"2021-05-07-13-02-37-Messung_5_(J)_142.csv","SittingOnEdge"
"2021-05-07-13-02-37-Messung_5_(J)_143.csv","SittingOnEdge"
"2021-05-07-13-02-37-Messung_5_(J)_144.csv","SittingOnEdge"
"2021-05-07-13-02-38-Messung_5_(J)_145.csv","SittingOnEdge"
"2021-05-07-13-02-38-Messung_5_(J)_146.csv","SittingOnEdge"
"2021-05-07-13-02-38-Messung_5_(J)_147.csv","SittingOnEdge"
"2021-05-07-13-02-38-Messung_5_(J)_148.csv","SittingOnEdge"
"2021-05-07-13-02-38-Messung_5_(J)_149.csv","SittingOnEdge"
"2021-05-07-13-02-38-Messung_5_(J)_150.csv","SittingOnEdge"
"2021-05-07-13-02-38-Messung_5_(J)_151.csv","SittingOnEdge"
"2021-05-07-13-02-38-Messung_5_(J)_152.csv","SittingOnEdge"
"2021-05-07-13-02-38-Messung_5_(J)_153.csv","SittingOnEdge"
"2021-05-07-13-02-38-Messung_5_(J)_154.csv","SittingOnEdge"
"2021-05-07-13-02-38-Messung_5_(J)_155.csv","SittingOnEdge"
"2021-05-07-13-02-38-Messung_5_(J)_156.csv","SittingOnEdge"
"2021-05-07-13-02-38-Messung_5_(J)_157.csv","SittingOnEdge"
"2021-05-07-13-02-38-Messung_5_(J)_158.csv","SittingOnEdge"
"2021-05-07-13-02-38-Messung_5_(J)_159.csv","SittingOnEdge"
"2021-05-07-13-02-38-Messung_5_(J)_160.csv","SittingOnEdge"
"2021-05-07-13-02-38-Messung_5_(J)_161.csv","Changing"
"2021-05-07-13-02-39-Messung_5_(J)_162.csv","Changing"
"2021-05-07-13-02-39-Messung_5_(J)_163.csv","Changing"
"2021-05-07-13-02-39-Messung_5_(J)_164.csv","Changing"
"2021-05-07-13-02-39-Messung_5_(J)_165.csv","Changing"
"2021-05-07-13-02-39-Messung_5_(J)_166.csv","Changing"
"2021-05-07-13-02-39-Messung_5_(J)_167.csv","Changing"
"2021-05-07-13-02-39-Messung_5_(J)_168.csv","Changing"
"2021-05-07-13-02-39-Messung_5_(J)_169.csv","Changing"
"2021-05-07-13-02-39-Messung_5_(J)_170.csv","Changing"
"2021-05-07-13-02-39-Messung_5_(J)_171.csv","Changing"
"2021-05-07-13-02-39-Messung_5_(J)_172.csv","Changing"
"2021-05-07-13-02-39-Messung_5_(J)_173.csv","Changing"
"2021-05-07-13-02-39-Messung_5_(J)_174.csv","Changing"
"2021-05-07-13-02-39-Messung_5_(J)_175.csv","Changing"
"2021-05-07-13-02-39-Messung_5_(J)_176.csv","Changing"
"2021-05-07-13-02-39-Messung_5_(J)_177.csv","Changing"
"2021-05-07-13-02-39-Messung_5_(J)_178.csv","Changing"
"2021-05-07-13-02-39-Messung_5_(J)_179.csv","Changing"
"2021-05-07-13-02-40-Messung_5_(J)_180.csv","Changing"
"2021-05-07-13-02-40-Messung_5_(J)_181.csv","Changing"
"2021-05-07-13-02-40-Messung_5_(J)_182.csv","Changing"
"2021-05-07-13-02-40-Messung_5_(J)_183.csv","Changing"
"2021-05-07-13-02-40-Messung_5_(J)_184.csv","Changing"
"2021-05-07-13-02-40-Messung_5_(J)_185.csv","Changing"
"2021-05-07-13-02-40-Messung_5_(J)_186.csv","Changing"
"2021-05-07-13-02-40-Messung_5_(J)_187.csv","Changing"
"2021-05-07-13-02-40-Messung_5_(J)_188.csv","Changing"
"2021-05-07-13-02-40-Messung_5_(J)_189.csv","Changing"
"2021-05-07-13-02-40-Messung_5_(J)_190.csv","Changing"
"2021-05-07-13-02-40-Messung_5_(J)_191.csv","Changing"
"2021-05-07-13-02-40-Messung_5_(J)_192.csv","Changing"
"2021-05-07-13-02-40-Messung_5_(J)_193.csv","Changing"
"2021-05-07-13-02-40-Messung_5_(J)_194.csv","Changing"
"2021-05-07-13-02-40-Messung_5_(J)_195.csv","Changing"
"2021-05-07-13-02-40-Messung_5_(J)_196.csv","Changing"
"2021-05-07-13-02-40-Messung_5_(J)_197.csv","Changing"
"2021-05-07-13-02-41-Messung_5_(J)_198.csv","Changing"
"2021-05-07-13-02-41-Messung_5_(J)_199.csv","Changing"
"2021-05-07-13-02-41-Messung_5_(J)_200.csv","Changing"
"2021-05-07-13-02-41-Messung_5_(J)_201.csv","Changing"
"2021-05-07-13-02-41-Messung_5_(J)_202.csv","Changing"
"2021-05-07-13-02-41-Messung_5_(J)_203.csv","Changing"
"2021-05-07-13-02-41-Messung_5_(J)_204.csv","Changing"
"2021-05-07-13-02-41-Messung_5_(J)_205.csv","Changing"
"2021-05-07-13-02-41-Messung_5_(J)_206.csv","Changing"
"2021-05-07-13-02-41-Messung_5_(J)_207.csv","Changing"
"2021-05-07-13-02-41-Messung_5_(J)_208.csv","Supine"
"2021-05-07-13-02-41-Messung_5_(J)_209.csv","Supine"
"2021-05-07-13-02-41-Messung_5_(J)_210.csv","Supine"
"2021-05-07-13-02-41-Messung_5_(J)_211.csv","Supine"
"2021-05-07-13-02-41-Messung_5_(J)_212.csv","Supine"
"2021-05-07-13-02-41-Messung_5_(J)_213.csv","Supine"
"2021-05-07-13-02-41-Messung_5_(J)_214.csv","Supine"
"2021-05-07-13-02-42-Messung_5_(J)_215.csv","Supine"
"2021-05-07-13-02-42-Messung_5_(J)_216.csv","Supine"
"2021-05-07-13-02-42-Messung_5_(J)_217.csv","Supine"
"2021-05-07-13-02-42-Messung_5_(J)_218.csv","Supine"
"2021-05-07-13-02-42-Messung_5_(J)_219.csv","Supine"
"2021-05-07-13-02-42-Messung_5_(J)_220.csv","Supine"
"2021-05-07-13-02-42-Messung_5_(J)_221.csv","Supine"
"2021-05-07-13-02-42-Messung_5_(J)_222.csv","Supine"
"2021-05-07-13-02-42-Messung_5_(J)_223.csv","Supine"
"2021-05-07-13-02-42-Messung_5_(J)_224.csv","Supine"
"2021-05-07-13-02-42-Messung_5_(J)_225.csv","Supine"
"2021-05-07-13-02-42-Messung_5_(J)_226.csv","Supine"
"2021-05-07-13-02-42-Messung_5_(J)_227.csv","Supine"
"2021-05-07-13-02-42-Messung_5_(J)_228.csv","Supine"
"2021-05-07-13-02-42-Messung_5_(J)_229.csv","Supine"
"2021-05-07-13-02-42-Messung_5_(J)_230.csv","Supine"
"2021-05-07-13-02-42-Messung_5_(J)_231.csv","Supine"
"2021-05-07-13-02-42-Messung_5_(J)_232.csv","Supine"
"2021-05-07-13-02-43-Messung_5_(J)_233.csv","Supine"
"2021-05-07-13-02-43-Messung_5_(J)_234.csv","Supine"
"2021-05-07-13-02-43-Messung_5_(J)_235.csv","Supine"
"2021-05-07-13-02-43-Messung_5_(J)_236.csv","Supine"
"2021-05-07-13-02-43-Messung_5_(J)_237.csv","Supine"
"2021-05-07-13-02-43-Messung_5_(J)_238.csv","Supine"
"2021-05-07-13-02-43-Messung_5_(J)_239.csv","Supine"
"2021-05-07-13-02-43-Messung_5_(J)_240.csv","Supine"
"2021-05-07-13-02-43-Messung_5_(J)_241.csv","Supine"
"2021-05-07-13-02-43-Messung_5_(J)_242.csv","Supine"
"2021-05-07-13-02-43-Messung_5_(J)_243.csv","Supine"
"2021-05-07-13-02-43-Messung_5_(J)_244.csv","Supine"
"2021-05-07-13-02-43-Messung_5_(J)_245.csv","Supine"
"2021-05-07-13-02-43-Messung_5_(J)_246.csv","Supine"
"2021-05-07-13-02-43-Messung_5_(J)_247.csv","Supine"
"2021-05-07-13-02-43-Messung_5_(J)_248.csv","Supine"
"2021-05-07-13-02-43-Messung_5_(J)_249.csv","Supine"
"2021-05-07-13-02-43-Messung_5_(J)_250.csv","Supine"
"2021-05-07-13-02-44-Messung_5_(J)_251.csv","Supine"
"2021-05-07-13-02-44-Messung_5_(J)_252.csv","Supine"
"2021-05-07-13-02-44-Messung_5_(J)_253.csv","Supine"
"2021-05-07-13-02-44-Messung_5_(J)_254.csv","Supine"
"2021-05-07-13-02-44-Messung_5_(J)_255.csv","Supine"
"2021-05-07-13-02-44-Messung_5_(J)_256.csv","Supine"
"2021-05-07-13-02-44-Messung_5_(J)_257.csv","Supine"
"2021-05-07-13-02-44-Messung_5_(J)_258.csv","Supine"
"2021-05-07-13-02-44-Messung_5_(J)_259.csv","Supine"
"2021-05-07-13-02-44-Messung_5_(J)_260.csv","Supine"
"2021-05-07-13-02-44-Messung_5_(J)_261.csv","Supine"
"2021-05-07-13-02-44-Messung_5_(J)_262.csv","Supine"
"2021-05-07-13-02-44-Messung_5_(J)_263.csv","Supine"
"2021-05-07-13-02-44-Messung_5_(J)_264.csv","Supine"
"2021-05-07-13-02-44-Messung_5_(J)_265.csv","Supine"
"2021-05-07-13-02-44-Messung_5_(J)_266.csv","Supine"
"2021-05-07-13-02-44-Messung_5_(J)_267.csv","Supine"
"2021-05-07-13-02-44-Messung_5_(J)_268.csv","Supine"
"2021-05-07-13-02-45-Messung_5_(J)_269.csv","Supine"
"2021-05-07-13-02-45-Messung_5_(J)_270.csv","Supine"
"2021-05-07-13-02-45-Messung_5_(J)_271.csv","Supine"
"2021-05-07-13-02-45-Messung_5_(J)_272.csv","Supine"
"2021-05-07-13-02-45-Messung_5_(J)_273.csv","Supine"
"2021-05-07-13-02-45-Messung_5_(J)_274.csv","Supine"
"2021-05-07-13-02-45-Messung_5_(J)_275.csv","Supine"
"2021-05-07-13-02-45-Messung_5_(J)_276.csv","Supine"
"2021-05-07-13-02-45-Messung_5_(J)_277.csv","Supine"
"2021-05-07-13-02-45-Messung_5_(J)_278.csv","Supine"
"2021-05-07-13-02-45-Messung_5_(J)_279.csv","Supine"
"2021-05-07-13-02-45-Messung_5_(J)_280.csv","Supine"
"2021-05-07-13-02-45-Messung_5_(J)_281.csv","Supine"
"2021-05-07-13-02-45-Messung_5_(J)_282.csv","Supine"
"2021-05-07-13-02-45-Messung_5_(J)_283.csv","Supine"
"2021-05-07-13-02-45-Messung_5_(J)_284.csv","Supine"
"2021-05-07-13-02-45-Messung_5_(J)_285.csv","Supine"
"2021-05-07-13-02-46-Messung_5_(J)_286.csv","Supine"
"2021-05-07-13-02-46-Messung_5_(J)_287.csv","Supine"
"2021-05-07-13-02-46-Messung_5_(J)_288.csv","Supine"
"2021-05-07-13-02-46-Messung_5_(J)_289.csv","Supine"
"2021-05-07-13-02-46-Messung_5_(J)_290.csv","Supine"
"2021-05-07-13-02-46-Messung_5_(J)_291.csv","Supine"
"2021-05-07-13-02-46-Messung_5_(J)_292.csv","Supine"
"2021-05-07-13-02-46-Messung_5_(J)_293.csv","Supine"
"2021-05-07-13-02-46-Messung_5_(J)_294.csv","Supine"
"2021-05-07-13-02-46-Messung_5_(J)_295.csv","Supine"
"2021-05-07-13-02-46-Messung_5_(J)_296.csv","Supine"
"2021-05-07-13-02-46-Messung_5_(J)_297.csv","Supine"
"2021-05-07-13-02-46-Messung_5_(J)_298.csv","Supine"
"2021-05-07-13-02-46-Messung_5_(J)_299.csv","Supine"
"2021-05-07-13-02-46-Messung_5_(J)_300.csv","Supine"
"2021-05-07-13-02-46-Messung_5_(J)_301.csv","Supine"
"2021-05-07-13-02-46-Messung_5_(J)_302.csv","Supine"
"2021-05-07-13-02-46-Messung_5_(J)_303.csv","Supine"
"2021-05-07-13-02-47-Messung_5_(J)_304.csv","Supine"
"2021-05-07-13-02-47-Messung_5_(J)_305.csv","Supine"
"2021-05-07-13-02-47-Messung_5_(J)_306.csv","Supine"
"2021-05-07-13-02-47-Messung_5_(J)_307.csv","Supine"
"2021-05-07-13-02-47-Messung_5_(J)_308.csv","Supine"
"2021-05-07-13-02-47-Messung_5_(J)_309.csv","Supine"
"2021-05-07-13-02-47-Messung_5_(J)_310.csv","Supine"
"2021-05-07-13-02-47-Messung_5_(J)_311.csv","Supine"
"2021-05-07-13-02-47-Messung_5_(J)_312.csv","Supine"
"2021-05-07-13-02-47-Messung_5_(J)_313.csv","Supine"
"2021-05-07-13-02-47-Messung_5_(J)_314.csv","Supine"
"2021-05-07-13-02-47-Messung_5_(J)_315.csv","Supine"
"2021-05-07-13-02-47-Messung_5_(J)_316.csv","Supine"
"2021-05-07-13-02-47-Messung_5_(J)_317.csv","Supine"
"2021-05-07-13-02-47-Messung_5_(J)_318.csv","Supine"
"2021-05-07-13-02-47-Messung_5_(J)_319.csv","Supine"
"2021-05-07-13-02-47-Messung_5_(J)_320.csv","Supine"
"2021-05-07-13-02-47-Messung_5_(J)_321.csv","Supine"
"2021-05-07-13-02-48-Messung_5_(J)_322.csv","Supine"
"2021-05-07-13-02-48-Messung_5_(J)_323.csv","Supine"
"2021-05-07-13-02-48-Messung_5_(J)_324.csv","Supine"
"2021-05-07-13-02-48-Messung_5_(J)_325.csv","Supine"
"2021-05-07-13-02-48-Messung_5_(J)_326.csv","Supine"
"2021-05-07-13-02-48-Messung_5_(J)_327.csv","Supine"
"2021-05-07-13-02-48-Messung_5_(J)_328.csv","Supine"
"2021-05-07-13-02-48-Messung_5_(J)_329.csv","Supine"
"2021-05-07-13-02-48-Messung_5_(J)_330.csv","Supine"
"2021-05-07-13-02-48-Messung_5_(J)_331.csv","Supine"
"2021-05-07-13-02-48-Messung_5_(J)_332.csv","Supine"
"2021-05-07-13-02-48-Messung_5_(J)_333.csv","Supine"
"2021-05-07-13-02-48-Messung_5_(J)_334.csv","Supine"
"2021-05-07-13-02-48-Messung_5_(J)_335.csv","Supine"
"2021-05-07-13-02-48-Messung_5_(J)_336.csv","Supine"
"2021-05-07-13-02-48-Messung_5_(J)_337.csv","Supine"
"2021-05-07-13-02-48-Messung_5_(J)_338.csv","Supine"
"2021-05-07-13-02-49-Messung_5_(J)_339.csv","Supine"
"2021-05-07-13-02-49-Messung_5_(J)_340.csv","Supine"
"2021-05-07-13-02-49-Messung_5_(J)_341.csv","Supine"
"2021-05-07-13-02-49-Messung_5_(J)_342.csv","Supine"
"2021-05-07-13-02-49-Messung_5_(J)_343.csv","Supine"
"2021-05-07-13-02-49-Messung_5_(J)_344.csv","Supine"
"2021-05-07-13-02-49-Messung_5_(J)_345.csv","Supine"
"2021-05-07-13-02-49-Messung_5_(J)_346.csv","Supine"
"2021-05-07-13-02-49-Messung_5_(J)_347.csv","Supine"
"2021-05-07-13-02-49-Messung_5_(J)_348.csv","Supine"
"2021-05-07-13-02-49-Messung_5_(J)_349.csv","Supine"
"2021-05-07-13-02-49-Messung_5_(J)_350.csv","Supine"
"2021-05-07-13-02-49-Messung_5_(J)_351.csv","Supine"
"2021-05-07-13-02-49-Messung_5_(J)_352.csv","Supine"
"2021-05-07-13-02-49-Messung_5_(J)_353.csv","Supine"
"2021-05-07-13-02-49-Messung_5_(J)_354.csv","Supine"
"2021-05-07-13-02-49-Messung_5_(J)_355.csv","Supine"
"2021-05-07-13-02-49-Messung_5_(J)_356.csv","Supine"
"2021-05-07-13-02-50-Messung_5_(J)_357.csv","Supine"
"2021-05-07-13-02-50-Messung_5_(J)_358.csv","Supine"
"2021-05-07-13-02-50-Messung_5_(J)_359.csv","Supine"
"2021-05-07-13-02-50-Messung_5_(J)_360.csv","Supine"
"2021-05-07-13-02-50-Messung_5_(J)_361.csv","Supine"
"2021-05-07-13-02-50-Messung_5_(J)_362.csv","Supine"
"2021-05-07-13-02-50-Messung_5_(J)_363.csv","Supine"
"2021-05-07-13-02-50-Messung_5_(J)_364.csv","Supine"
"2021-05-07-13-02-50-Messung_5_(J)_365.csv","Supine"
"2021-05-07-13-02-50-Messung_5_(J)_366.csv","Supine"
"2021-05-07-13-02-50-Messung_5_(J)_367.csv","Supine"
"2021-05-07-13-02-50-Messung_5_(J)_368.csv","Supine"
"2021-05-07-13-02-50-Messung_5_(J)_369.csv","Supine"
"2021-05-07-13-02-50-Messung_5_(J)_370.csv","Supine"
"2021-05-07-13-02-50-Messung_5_(J)_371.csv","Supine"
"2021-05-07-13-02-50-Messung_5_(J)_372.csv","Supine"
"2021-05-07-13-02-50-Messung_5_(J)_373.csv","Supine"
"2021-05-07-13-02-50-Messung_5_(J)_374.csv","Supine"
"2021-05-07-13-02-51-Messung_5_(J)_375.csv","Supine"
"2021-05-07-13-02-51-Messung_5_(J)_376.csv","Supine"
"2021-05-07-13-02-51-Messung_5_(J)_377.csv","Supine"
"2021-05-07-13-02-51-Messung_5_(J)_378.csv","Supine"
"2021-05-07-13-02-51-Messung_5_(J)_379.csv","Supine"
"2021-05-07-13-02-51-Messung_5_(J)_380.csv","Supine"
"2021-05-07-13-02-51-Messung_5_(J)_381.csv","Supine"
"2021-05-07-13-02-51-Messung_5_(J)_382.csv","Supine"
"2021-05-07-13-02-51-Messung_5_(J)_383.csv","Supine"
"2021-05-07-13-02-51-Messung_5_(J)_384.csv","Supine"
"2021-05-07-13-02-51-Messung_5_(J)_385.csv","Supine"
"2021-05-07-13-02-51-Messung_5_(J)_386.csv","Supine"
"2021-05-07-13-02-51-Messung_5_(J)_387.csv","Supine"
"2021-05-07-13-02-51-Messung_5_(J)_388.csv","Supine"
"2021-05-07-13-02-51-Messung_5_(J)_389.csv","Supine"
"2021-05-07-13-02-51-Messung_5_(J)_390.csv","Supine"
"2021-05-07-13-02-51-Messung_5_(J)_391.csv","Supine"
"2021-05-07-13-02-52-Messung_5_(J)_392.csv","Supine"
"2021-05-07-13-02-52-Messung_5_(J)_393.csv","Supine"
"2021-05-07-13-02-52-Messung_5_(J)_394.csv","Supine"
"2021-05-07-13-02-52-Messung_5_(J)_395.csv","Supine"
"2021-05-07-13-02-52-Messung_5_(J)_396.csv","Supine"
"2021-05-07-13-02-52-Messung_5_(J)_397.csv","Supine"
"2021-05-07-13-02-52-Messung_5_(J)_398.csv","Supine"
"2021-05-07-13-02-52-Messung_5_(J)_399.csv","Supine"
"2021-05-07-13-02-52-Messung_5_(J)_400.csv","Supine"
"2021-05-07-13-02-52-Messung_5_(J)_401.csv","Supine"
"2021-05-07-13-02-52-Messung_5_(J)_402.csv","Supine"
"2021-05-07-13-02-52-Messung_5_(J)_403.csv","Supine"
"2021-05-07-13-02-52-Messung_5_(J)_404.csv","Supine"
"2021-05-07-13-02-52-Messung_5_(J)_405.csv","Supine"
"2021-05-07-13-02-52-Messung_5_(J)_406.csv","Supine"
"2021-05-07-13-02-52-Messung_5_(J)_407.csv","Supine"
"2021-05-07-13-02-52-Messung_5_(J)_408.csv","Supine"
"2021-05-07-13-02-52-Messung_5_(J)_409.csv","Supine"
"2021-05-07-13-02-53-Messung_5_(J)_410.csv","Supine"
"2021-05-07-13-02-53-Messung_5_(J)_411.csv","Supine"
"2021-05-07-13-02-53-Messung_5_(J)_412.csv","Supine"
"2021-05-07-13-02-53-Messung_5_(J)_413.csv","Supine"
"2021-05-07-13-02-53-Messung_5_(J)_414.csv","Supine"
"2021-05-07-13-02-53-Messung_5_(J)_415.csv","Supine"
"2021-05-07-13-02-53-Messung_5_(J)_416.csv","Supine"
"2021-05-07-13-02-53-Messung_5_(J)_417.csv","Supine"
"2021-05-07-13-02-53-Messung_5_(J)_418.csv","Supine"
"2021-05-07-13-02-53-Messung_5_(J)_419.csv","Supine"
"2021-05-07-13-02-53-Messung_5_(J)_420.csv","Supine"
"2021-05-07-13-02-53-Messung_5_(J)_421.csv","Supine"
"2021-05-07-13-02-53-Messung_5_(J)_422.csv","Supine"
"2021-05-07-13-02-53-Messung_5_(J)_423.csv","Supine"
"2021-05-07-13-02-53-Messung_5_(J)_424.csv","Supine"
"2021-05-07-13-02-53-Messung_5_(J)_425.csv","Supine"
"2021-05-07-13-02-53-Messung_5_(J)_426.csv","Supine"
"2021-05-07-13-02-53-Messung_5_(J)_427.csv","Supine"
"2021-05-07-13-02-54-Messung_5_(J)_428.csv","Supine"
"2021-05-07-13-02-54-Messung_5_(J)_429.csv","Supine"
"2021-05-07-13-02-54-Messung_5_(J)_430.csv","Supine"
"2021-05-07-13-02-54-Messung_5_(J)_431.csv","Supine"
"2021-05-07-13-02-54-Messung_5_(J)_432.csv","Supine"
"2021-05-07-13-02-54-Messung_5_(J)_433.csv","Supine"
"2021-05-07-13-02-54-Messung_5_(J)_434.csv","Supine"
"2021-05-07-13-02-54-Messung_5_(J)_435.csv","Supine"
"2021-05-07-13-02-54-Messung_5_(J)_436.csv","Supine"
"2021-05-07-13-02-54-Messung_5_(J)_437.csv","Supine"
"2021-05-07-13-02-54-Messung_5_(J)_438.csv","Supine"
"2021-05-07-13-02-54-Messung_5_(J)_439.csv","Supine"
"2021-05-07-13-02-54-Messung_5_(J)_440.csv","Supine"
"2021-05-07-13-02-54-Messung_5_(J)_441.csv","Supine"
"2021-05-07-13-02-54-Messung_5_(J)_442.csv","Supine"
"2021-05-07-13-02-54-Messung_5_(J)_443.csv","Supine"
"2021-05-07-13-02-54-Messung_5_(J)_444.csv","Supine"
"2021-05-07-13-02-55-Messung_5_(J)_445.csv","Supine"
"2021-05-07-13-02-55-Messung_5_(J)_446.csv","Supine"
"2021-05-07-13-02-55-Messung_5_(J)_447.csv","Supine"
"2021-05-07-13-02-55-Messung_5_(J)_448.csv","Supine"
"2021-05-07-13-02-55-Messung_5_(J)_449.csv","Supine"
"2021-05-07-13-02-55-Messung_5_(J)_450.csv","Supine"
"2021-05-07-13-02-55-Messung_5_(J)_451.csv","Supine"
"2021-05-07-13-02-55-Messung_5_(J)_452.csv","Supine"
"2021-05-07-13-02-55-Messung_5_(J)_453.csv","Supine"
"2021-05-07-13-02-55-Messung_5_(J)_454.csv","Supine"
"2021-05-07-13-02-55-Messung_5_(J)_455.csv","Supine"
"2021-05-07-13-02-55-Messung_5_(J)_456.csv","Supine"
"2021-05-07-13-02-55-Messung_5_(J)_457.csv","Supine"
"2021-05-07-13-02-55-Messung_5_(J)_458.csv","Supine"
"2021-05-07-13-02-55-Messung_5_(J)_459.csv","Supine"
"2021-05-07-13-02-55-Messung_5_(J)_460.csv","Supine"
"2021-05-07-13-02-55-Messung_5_(J)_461.csv","Supine"
"2021-05-07-13-02-55-Messung_5_(J)_462.csv","Supine"
"2021-05-07-13-02-56-Messung_5_(J)_463.csv","Supine"
"2021-05-07-13-02-56-Messung_5_(J)_464.csv","Supine"
"2021-05-07-13-02-56-Messung_5_(J)_465.csv","Supine"
"2021-05-07-13-02-56-Messung_5_(J)_466.csv","Supine"
"2021-05-07-13-02-56-Messung_5_(J)_467.csv","Supine"
"2021-05-07-13-02-56-Messung_5_(J)_468.csv","Supine"
"2021-05-07-13-02-56-Messung_5_(J)_469.csv","Supine"
"2021-05-07-13-02-56-Messung_5_(J)_470.csv","Supine"
"2021-05-07-13-02-56-Messung_5_(J)_471.csv","Supine"
"2021-05-07-13-02-56-Messung_5_(J)_472.csv","Supine"
"2021-05-07-13-02-56-Messung_5_(J)_473.csv","Supine"
"2021-05-07-13-02-56-Messung_5_(J)_474.csv","Supine"
"2021-05-07-13-02-56-Messung_5_(J)_475.csv","Supine"
"2021-05-07-13-02-56-Messung_5_(J)_476.csv","Supine"
"2021-05-07-13-02-56-Messung_5_(J)_477.csv","Supine"
"2021-05-07-13-02-56-Messung_5_(J)_478.csv","Supine"
"2021-05-07-13-02-56-Messung_5_(J)_479.csv","Supine"
"2021-05-07-13-02-56-Messung_5_(J)_480.csv","Supine"
"2021-05-07-13-02-57-Messung_5_(J)_481.csv","Supine"
"2021-05-07-13-02-57-Messung_5_(J)_482.csv","Supine"
"2021-05-07-13-02-57-Messung_5_(J)_483.csv","Supine"
"2021-05-07-13-02-57-Messung_5_(J)_484.csv","Supine"
"2021-05-07-13-02-57-Messung_5_(J)_485.csv","Supine"
"2021-05-07-13-02-57-Messung_5_(J)_486.csv","Supine"
"2021-05-07-13-02-57-Messung_5_(J)_487.csv","Supine"
"2021-05-07-13-02-57-Messung_5_(J)_488.csv","Supine"
"2021-05-07-13-02-57-Messung_5_(J)_489.csv","Supine"
"2021-05-07-13-02-57-Messung_5_(J)_490.csv","Supine"
"2021-05-07-13-02-57-Messung_5_(J)_491.csv","Supine"
"2021-05-07-13-02-57-Messung_5_(J)_492.csv","Supine"
"2021-05-07-13-02-57-Messung_5_(J)_493.csv","Supine"
"2021-05-07-13-02-57-Messung_5_(J)_494.csv","Supine"
"2021-05-07-13-02-57-Messung_5_(J)_495.csv","Supine"
"2021-05-07-13-02-57-Messung_5_(J)_496.csv","Supine"
"2021-05-07-13-02-57-Messung_5_(J)_497.csv","Supine"
"2021-05-07-13-02-58-Messung_5_(J)_498.csv","Supine"
"2021-05-07-13-02-58-Messung_5_(J)_499.csv","Supine"
"2021-05-07-13-02-58-Messung_5_(J)_500.csv","Supine"
"2021-05-07-13-02-58-Messung_5_(J)_501.csv","Supine"
"2021-05-07-13-02-58-Messung_5_(J)_502.csv","Supine"
"2021-05-07-13-02-58-Messung_5_(J)_503.csv","Supine"
"2021-05-07-13-02-58-Messung_5_(J)_504.csv","Supine"
"2021-05-07-13-02-58-Messung_5_(J)_505.csv","Supine"
"2021-05-07-13-02-58-Messung_5_(J)_506.csv","Supine"
"2021-05-07-13-02-58-Messung_5_(J)_507.csv","Supine"
"2021-05-07-13-02-58-Messung_5_(J)_508.csv","Supine"
"2021-05-07-13-02-58-Messung_5_(J)_509.csv","Supine"
"2021-05-07-13-02-58-Messung_5_(J)_510.csv","Supine"
"2021-05-07-13-02-58-Messung_5_(J)_511.csv","Supine"
"2021-05-07-13-02-58-Messung_5_(J)_512.csv","Supine"
"2021-05-07-13-02-58-Messung_5_(J)_513.csv","Supine"
"2021-05-07-13-02-58-Messung_5_(J)_514.csv","Supine"
"2021-05-07-13-02-58-Messung_5_(J)_515.csv","Supine"
"2021-05-07-13-02-59-Messung_5_(J)_516.csv","Supine"
"2021-05-07-13-02-59-Messung_5_(J)_517.csv","Supine"
"2021-05-07-13-02-59-Messung_5_(J)_518.csv","Supine"
"2021-05-07-13-02-59-Messung_5_(J)_519.csv","Supine"
"2021-05-07-13-02-59-Messung_5_(J)_520.csv","Supine"
"2021-05-07-13-02-59-Messung_5_(J)_521.csv","Supine"
"2021-05-07-13-02-59-Messung_5_(J)_522.csv","Supine"
"2021-05-07-13-02-59-Messung_5_(J)_523.csv","Supine"
"2021-05-07-13-02-59-Messung_5_(J)_524.csv","Supine"
"2021-05-07-13-02-59-Messung_5_(J)_525.csv","Supine"
"2021-05-07-13-02-59-Messung_5_(J)_526.csv","Supine"
"2021-05-07-13-02-59-Messung_5_(J)_527.csv","Supine"
"2021-05-07-13-02-59-Messung_5_(J)_528.csv","Supine"
"2021-05-07-13-02-59-Messung_5_(J)_529.csv","Supine"
"2021-05-07-13-02-59-Messung_5_(J)_530.csv","Supine"
"2021-05-07-13-02-59-Messung_5_(J)_531.csv","Supine"
"2021-05-07-13-02-59-Messung_5_(J)_532.csv","Supine"
"2021-05-07-13-02-59-Messung_5_(J)_533.csv","Supine"
"2021-05-07-13-03-00-Messung_5_(J)_534.csv","Supine"
"2021-05-07-13-03-00-Messung_5_(J)_535.csv","Supine"
"2021-05-07-13-03-00-Messung_5_(J)_536.csv","Supine"
"2021-05-07-13-03-00-Messung_5_(J)_537.csv","Supine"
"2021-05-07-13-03-00-Messung_5_(J)_538.csv","Supine"
"2021-05-07-13-03-00-Messung_5_(J)_539.csv","Supine"
"2021-05-07-13-03-00-Messung_5_(J)_540.csv","Supine"
"2021-05-07-13-03-00-Messung_5_(J)_541.csv","Supine"
"2021-05-07-13-03-00-Messung_5_(J)_542.csv","Supine"
"2021-05-07-13-03-00-Messung_5_(J)_543.csv","Supine"
"2021-05-07-13-03-00-Messung_5_(J)_544.csv","Supine"
"2021-05-07-13-03-00-Messung_5_(J)_545.csv","Supine"
"2021-05-07-13-03-00-Messung_5_(J)_546.csv","Supine"
"2021-05-07-13-03-00-Messung_5_(J)_547.csv","Supine"
"2021-05-07-13-03-00-Messung_5_(J)_548.csv","Supine"
"2021-05-07-13-03-00-Messung_5_(J)_549.csv","Supine"
"2021-05-07-13-03-00-Messung_5_(J)_550.csv","Supine"
"2021-05-07-13-03-01-Messung_5_(J)_551.csv","Supine"
"2021-05-07-13-03-01-Messung_5_(J)_552.csv","Supine"
"2021-05-07-13-03-01-Messung_5_(J)_553.csv","Supine"
"2021-05-07-13-03-01-Messung_5_(J)_554.csv","Supine"
"2021-05-07-13-03-01-Messung_5_(J)_555.csv","Supine"
"2021-05-07-13-03-01-Messung_5_(J)_556.csv","Supine"
"2021-05-07-13-03-01-Messung_5_(J)_557.csv","Supine"
"2021-05-07-13-03-01-Messung_5_(J)_558.csv","Supine"
"2021-05-07-13-03-01-Messung_5_(J)_559.csv","Supine"
"2021-05-07-13-03-01-Messung_5_(J)_560.csv","Supine"
"2021-05-07-13-03-01-Messung_5_(J)_561.csv","Supine"
"2021-05-07-13-03-01-Messung_5_(J)_562.csv","Supine"
"2021-05-07-13-03-01-Messung_5_(J)_563.csv","Supine"
"2021-05-07-13-03-01-Messung_5_(J)_564.csv","Supine"
"2021-05-07-13-03-01-Messung_5_(J)_565.csv","Supine"
"2021-05-07-13-03-01-Messung_5_(J)_566.csv","Supine"
"2021-05-07-13-03-01-Messung_5_(J)_567.csv","Supine"
"2021-05-07-13-03-01-Messung_5_(J)_568.csv","Supine"
"2021-05-07-13-03-02-Messung_5_(J)_569.csv","Supine"
"2021-05-07-13-03-02-Messung_5_(J)_570.csv","Supine"
"2021-05-07-13-03-02-Messung_5_(J)_571.csv","Supine"
"2021-05-07-13-03-02-Messung_5_(J)_572.csv","Supine"
"2021-05-07-13-03-02-Messung_5_(J)_573.csv","Supine"
"2021-05-07-13-03-02-Messung_5_(J)_574.csv","Supine"
"2021-05-07-13-03-02-Messung_5_(J)_575.csv","Supine"
"2021-05-07-13-03-02-Messung_5_(J)_576.csv","Supine"
"2021-05-07-13-03-02-Messung_5_(J)_577.csv","Supine"
"2021-05-07-13-03-02-Messung_5_(J)_578.csv","Supine"
"2021-05-07-13-03-02-Messung_5_(J)_579.csv","Supine"
"2021-05-07-13-03-02-Messung_5_(J)_580.csv","Supine"
"2021-05-07-13-03-02-Messung_5_(J)_581.csv","Supine"
"2021-05-07-13-03-02-Messung_5_(J)_582.csv","Supine"
"2021-05-07-13-03-02-Messung_5_(J)_583.csv","Supine"
"2021-05-07-13-03-02-Messung_5_(J)_584.csv","Supine"
"2021-05-07-13-03-02-Messung_5_(J)_585.csv","Supine"
"2021-05-07-13-03-02-Messung_5_(J)_586.csv","Supine"
"2021-05-07-13-03-03-Messung_5_(J)_587.csv","Supine"
"2021-05-07-13-03-03-Messung_5_(J)_588.csv","Supine"
"2021-05-07-13-03-03-Messung_5_(J)_589.csv","Supine"
"2021-05-07-13-03-03-Messung_5_(J)_590.csv","Supine"
"2021-05-07-13-03-03-Messung_5_(J)_591.csv","Supine"
"2021-05-07-13-03-03-Messung_5_(J)_592.csv","Supine"
"2021-05-07-13-03-03-Messung_5_(J)_593.csv","Supine"
"2021-05-07-13-03-03-Messung_5_(J)_594.csv","Supine"
"2021-05-07-13-03-03-Messung_5_(J)_595.csv","Supine"
"2021-05-07-13-03-03-Messung_5_(J)_596.csv","Supine"
"2021-05-07-13-03-03-Messung_5_(J)_597.csv","Supine"
"2021-05-07-13-03-03-Messung_5_(J)_598.csv","Supine"
"2021-05-07-13-03-03-Messung_5_(J)_599.csv","Supine"
"2021-05-07-13-03-03-Messung_5_(J)_600.csv","Supine"
"2021-05-07-13-03-03-Messung_5_(J)_601.csv","Supine"
"2021-05-07-13-03-03-Messung_5_(J)_602.csv","Supine"
"2021-05-07-13-03-03-Messung_5_(J)_603.csv","Supine"
"2021-05-07-13-03-04-Messung_5_(J)_604.csv","Supine"
"2021-05-07-13-03-04-Messung_5_(J)_605.csv","Supine"
"2021-05-07-13-03-04-Messung_5_(J)_606.csv","Supine"
"2021-05-07-13-03-04-Messung_5_(J)_607.csv","Supine"
"2021-05-07-13-03-04-Messung_5_(J)_608.csv","Supine"
"2021-05-07-13-03-04-Messung_5_(J)_609.csv","Supine"
"2021-05-07-13-03-04-Messung_5_(J)_610.csv","Supine"
"2021-05-07-13-03-04-Messung_5_(J)_611.csv","Supine"
"2021-05-07-13-03-04-Messung_5_(J)_612.csv","Supine"
"2021-05-07-13-03-04-Messung_5_(J)_613.csv","Supine"
"2021-05-07-13-03-04-Messung_5_(J)_614.csv","Supine"
"2021-05-07-13-03-04-Messung_5_(J)_615.csv","Supine"
"2021-05-07-13-03-04-Messung_5_(J)_616.csv","Supine"
"2021-05-07-13-03-04-Messung_5_(J)_617.csv","Supine"
"2021-05-07-13-03-04-Messung_5_(J)_618.csv","Supine"
"2021-05-07-13-03-04-Messung_5_(J)_619.csv","Supine"
"2021-05-07-13-03-04-Messung_5_(J)_620.csv","Supine"
"2021-05-07-13-03-04-Messung_5_(J)_621.csv","Supine"
"2021-05-07-13-03-05-Messung_5_(J)_622.csv","Supine"
"2021-05-07-13-03-05-Messung_5_(J)_623.csv","Supine"
"2021-05-07-13-03-05-Messung_5_(J)_624.csv","Supine"
"2021-05-07-13-03-05-Messung_5_(J)_625.csv","Supine"
"2021-05-07-13-03-05-Messung_5_(J)_626.csv","Supine"
"2021-05-07-13-03-05-Messung_5_(J)_627.csv","Supine"
"2021-05-07-13-03-05-Messung_5_(J)_628.csv","Supine"
"2021-05-07-13-03-05-Messung_5_(J)_629.csv","Supine"
"2021-05-07-13-03-05-Messung_5_(J)_630.csv","Supine"
"2021-05-07-13-03-05-Messung_5_(J)_631.csv","Supine"
"2021-05-07-13-03-05-Messung_5_(J)_632.csv","Supine"
"2021-05-07-13-03-05-Messung_5_(J)_633.csv","Supine"
"2021-05-07-13-03-05-Messung_5_(J)_634.csv","Supine"
"2021-05-07-13-03-05-Messung_5_(J)_635.csv","Supine"
"2021-05-07-13-03-05-Messung_5_(J)_636.csv","Supine"
"2021-05-07-13-03-05-Messung_5_(J)_637.csv","Supine"
"2021-05-07-13-03-05-Messung_5_(J)_638.csv","Supine"
"2021-05-07-13-03-06-Messung_5_(J)_639.csv","Rotation_Supine_LLateral"
"2021-05-07-13-03-06-Messung_5_(J)_640.csv","Rotation_Supine_LLateral"
"2021-05-07-13-03-06-Messung_5_(J)_641.csv","Rotation_Supine_LLateral"
"2021-05-07-13-03-06-Messung_5_(J)_642.csv","Rotation_Supine_LLateral"
"2021-05-07-13-03-06-Messung_5_(J)_643.csv","Rotation_Supine_LLateral"
"2021-05-07-13-03-06-Messung_5_(J)_644.csv","Rotation_Supine_LLateral"
"2021-05-07-13-03-06-Messung_5_(J)_645.csv","Rotation_Supine_LLateral"
"2021-05-07-13-03-06-Messung_5_(J)_646.csv","Rotation_Supine_LLateral"
"2021-05-07-13-03-06-Messung_5_(J)_647.csv","Rotation_Supine_LLateral"
"2021-05-07-13-03-06-Messung_5_(J)_648.csv","Rotation_Supine_LLateral"
"2021-05-07-13-03-06-Messung_5_(J)_649.csv","Rotation_Supine_LLateral"
"2021-05-07-13-03-06-Messung_5_(J)_650.csv","Rotation_Supine_LLateral"
"2021-05-07-13-03-06-Messung_5_(J)_651.csv","Rotation_Supine_LLateral"
"2021-05-07-13-03-06-Messung_5_(J)_652.csv","Rotation_Supine_LLateral"
"2021-05-07-13-03-06-Messung_5_(J)_653.csv","Rotation_Supine_LLateral"
"2021-05-07-13-03-06-Messung_5_(J)_654.csv","Rotation_Supine_LLateral"
"2021-05-07-13-03-06-Messung_5_(J)_655.csv","Rotation_Supine_LLateral"
"2021-05-07-13-03-06-Messung_5_(J)_656.csv","Rotation_Supine_LLateral"
"2021-05-07-13-03-07-Messung_5_(J)_657.csv","Rotation_Supine_LLateral"
"2021-05-07-13-03-07-Messung_5_(J)_658.csv","Rotation_Supine_LLateral"
"2021-05-07-13-03-07-Messung_5_(J)_659.csv","Rotation_Supine_LLateral"
"2021-05-07-13-03-07-Messung_5_(J)_660.csv","Rotation_Supine_LLateral"
"2021-05-07-13-03-07-Messung_5_(J)_661.csv","Rotation_Supine_LLateral"
"2021-05-07-13-03-07-Messung_5_(J)_662.csv","Rotation_Supine_LLateral"
"2021-05-07-13-03-07-Messung_5_(J)_663.csv","Rotation_Supine_LLateral"
"2021-05-07-13-03-07-Messung_5_(J)_664.csv","Rotation_Supine_LLateral"
"2021-05-07-13-03-07-Messung_5_(J)_665.csv","Rotation_Supine_LLateral"
"2021-05-07-13-03-07-Messung_5_(J)_666.csv","Rotation_Supine_LLateral"
"2021-05-07-13-03-07-Messung_5_(J)_667.csv","Rotation_Supine_LLateral"
"2021-05-07-13-03-07-Messung_5_(J)_668.csv","Rotation_Supine_LLateral"
"2021-05-07-13-03-07-Messung_5_(J)_669.csv","Rotation_Supine_LLateral"
"2021-05-07-13-03-07-Messung_5_(J)_670.csv","Rotation_Supine_LLateral"
"2021-05-07-13-03-07-Messung_5_(J)_671.csv","Rotation_Supine_LLateral"
"2021-05-07-13-03-07-Messung_5_(J)_672.csv","Rotation_Supine_LLateral"
"2021-05-07-13-03-07-Messung_5_(J)_673.csv","Rotation_Supine_LLateral"
"2021-05-07-13-03-07-Messung_5_(J)_674.csv","Rotation_Supine_LLateral"
"2021-05-07-13-03-08-Messung_5_(J)_675.csv","Rotation_Supine_LLateral"
"2021-05-07-13-03-08-Messung_5_(J)_676.csv","Rotation_Supine_LLateral"
"2021-05-07-13-03-08-Messung_5_(J)_677.csv","Rotation_Supine_LLateral"
"2021-05-07-13-03-08-Messung_5_(J)_678.csv","Rotation_Supine_LLateral"
"2021-05-07-13-03-08-Messung_5_(J)_679.csv","Rotation_Supine_LLateral"
"2021-05-07-13-03-08-Messung_5_(J)_680.csv","Rotation_Supine_LLateral"
"2021-05-07-13-03-08-Messung_5_(J)_681.csv","Rotation_Supine_LLateral"
"2021-05-07-13-03-08-Messung_5_(J)_682.csv","Rotation_Supine_LLateral"
"2021-05-07-13-03-08-Messung_5_(J)_683.csv","Rotation_Supine_LLateral"
"2021-05-07-13-03-08-Messung_5_(J)_684.csv","Rotation_Supine_LLateral"
"2021-05-07-13-03-08-Messung_5_(J)_685.csv","Rotation_Supine_LLateral"
"2021-05-07-13-03-08-Messung_5_(J)_686.csv","Rotation_Supine_LLateral"
"2021-05-07-13-03-08-Messung_5_(J)_687.csv","Lateral_Left"
"2021-05-07-13-03-08-Messung_5_(J)_688.csv","Lateral_Left"
"2021-05-07-13-03-08-Messung_5_(J)_689.csv","Lateral_Left"
"2021-05-07-13-03-08-Messung_5_(J)_690.csv","Lateral_Left"
"2021-05-07-13-03-08-Messung_5_(J)_691.csv","Lateral_Left"
"2021-05-07-13-03-08-Messung_5_(J)_692.csv","Lateral_Left"
"2021-05-07-13-03-09-Messung_5_(J)_693.csv","Lateral_Left"
"2021-05-07-13-03-09-Messung_5_(J)_694.csv","Lateral_Left"
"2021-05-07-13-03-09-Messung_5_(J)_695.csv","Lateral_Left"
"2021-05-07-13-03-09-Messung_5_(J)_696.csv","Lateral_Left"
"2021-05-07-13-03-09-Messung_5_(J)_697.csv","Lateral_Left"
"2021-05-07-13-03-09-Messung_5_(J)_698.csv","Lateral_Left"
"2021-05-07-13-03-09-Messung_5_(J)_699.csv","Lateral_Left"
"2021-05-07-13-03-09-Messung_5_(J)_700.csv","Lateral_Left"
"2021-05-07-13-03-09-Messung_5_(J)_701.csv","Lateral_Left"
"2021-05-07-13-03-09-Messung_5_(J)_702.csv","Lateral_Left"
"2021-05-07-13-03-09-Messung_5_(J)_703.csv","Lateral_Left"
"2021-05-07-13-03-09-Messung_5_(J)_704.csv","Lateral_Left"
"2021-05-07-13-03-09-Messung_5_(J)_705.csv","Lateral_Left"
"2021-05-07-13-03-09-Messung_5_(J)_706.csv","Lateral_Left"
"2021-05-07-13-03-09-Messung_5_(J)_707.csv","Lateral_Left"
"2021-05-07-13-03-09-Messung_5_(J)_708.csv","Lateral_Left"
"2021-05-07-13-03-09-Messung_5_(J)_709.csv","Lateral_Left"
"2021-05-07-13-03-10-Messung_5_(J)_710.csv","Lateral_Left"
"2021-05-07-13-03-10-Messung_5_(J)_711.csv","Lateral_Left"
"2021-05-07-13-03-10-Messung_5_(J)_712.csv","Lateral_Left"
"2021-05-07-13-03-10-Messung_5_(J)_713.csv","Lateral_Left"
"2021-05-07-13-03-10-Messung_5_(J)_714.csv","Lateral_Left"
"2021-05-07-13-03-10-Messung_5_(J)_715.csv","Lateral_Left"
"2021-05-07-13-03-10-Messung_5_(J)_716.csv","Lateral_Left"
"2021-05-07-13-03-10-Messung_5_(J)_717.csv","Lateral_Left"
"2021-05-07-13-03-10-Messung_5_(J)_718.csv","Lateral_Left"
"2021-05-07-13-03-10-Messung_5_(J)_719.csv","Lateral_Left"
"2021-05-07-13-03-10-Messung_5_(J)_720.csv","Lateral_Left"
"2021-05-07-13-03-10-Messung_5_(J)_721.csv","Lateral_Left"
"2021-05-07-13-03-10-Messung_5_(J)_722.csv","Lateral_Left"
"2021-05-07-13-03-10-Messung_5_(J)_723.csv","Lateral_Left"
"2021-05-07-13-03-10-Messung_5_(J)_724.csv","Lateral_Left"
"2021-05-07-13-03-10-Messung_5_(J)_725.csv","Lateral_Left"
"2021-05-07-13-03-10-Messung_5_(J)_726.csv","Lateral_Left"
"2021-05-07-13-03-10-Messung_5_(J)_727.csv","Lateral_Left"
"2021-05-07-13-03-11-Messung_5_(J)_728.csv","Lateral_Left"
"2021-05-07-13-03-11-Messung_5_(J)_729.csv","Lateral_Left"
"2021-05-07-13-03-11-Messung_5_(J)_730.csv","Lateral_Left"
"2021-05-07-13-03-11-Messung_5_(J)_731.csv","Lateral_Left"
"2021-05-07-13-03-11-Messung_5_(J)_732.csv","Lateral_Left"
"2021-05-07-13-03-11-Messung_5_(J)_733.csv","Lateral_Left"
"2021-05-07-13-03-11-Messung_5_(J)_734.csv","Lateral_Left"
"2021-05-07-13-03-11-Messung_5_(J)_735.csv","Lateral_Left"
"2021-05-07-13-03-11-Messung_5_(J)_736.csv","Lateral_Left"
"2021-05-07-13-03-11-Messung_5_(J)_737.csv","Lateral_Left"
"2021-05-07-13-03-11-Messung_5_(J)_738.csv","Lateral_Left"
"2021-05-07-13-03-11-Messung_5_(J)_739.csv","Lateral_Left"
"2021-05-07-13-03-11-Messung_5_(J)_740.csv","Lateral_Left"
"2021-05-07-13-03-11-Messung_5_(J)_741.csv","Lateral_Left"
"2021-05-07-13-03-11-Messung_5_(J)_742.csv","Lateral_Left"
"2021-05-07-13-03-11-Messung_5_(J)_743.csv","Lateral_Left"
"2021-05-07-13-03-11-Messung_5_(J)_744.csv","Lateral_Left"
"2021-05-07-13-03-11-Messung_5_(J)_745.csv","Lateral_Left"
"2021-05-07-13-03-12-Messung_5_(J)_746.csv","Lateral_Left"
"2021-05-07-13-03-12-Messung_5_(J)_747.csv","Lateral_Left"
"2021-05-07-13-03-12-Messung_5_(J)_748.csv","Lateral_Left"
"2021-05-07-13-03-12-Messung_5_(J)_749.csv","Lateral_Left"
"2021-05-07-13-03-12-Messung_5_(J)_750.csv","Lateral_Left"
"2021-05-07-13-03-12-Messung_5_(J)_751.csv","Lateral_Left"
"2021-05-07-13-03-12-Messung_5_(J)_752.csv","Lateral_Left"
"2021-05-07-13-03-12-Messung_5_(J)_753.csv","Lateral_Left"
"2021-05-07-13-03-12-Messung_5_(J)_754.csv","Lateral_Left"
"2021-05-07-13-03-12-Messung_5_(J)_755.csv","Lateral_Left"
"2021-05-07-13-03-12-Messung_5_(J)_756.csv","Lateral_Left"
"2021-05-07-13-03-12-Messung_5_(J)_757.csv","Lateral_Left"
"2021-05-07-13-03-12-Messung_5_(J)_758.csv","Lateral_Left"
"2021-05-07-13-03-12-Messung_5_(J)_759.csv","Lateral_Left"
"2021-05-07-13-03-12-Messung_5_(J)_760.csv","Lateral_Left"
"2021-05-07-13-03-12-Messung_5_(J)_761.csv","Lateral_Left"
"2021-05-07-13-03-12-Messung_5_(J)_762.csv","Lateral_Left"
"2021-05-07-13-03-13-Messung_5_(J)_763.csv","Lateral_Left"
"2021-05-07-13-03-13-Messung_5_(J)_764.csv","Lateral_Left"
"2021-05-07-13-03-13-Messung_5_(J)_765.csv","Lateral_Left"
"2021-05-07-13-03-13-Messung_5_(J)_766.csv","Lateral_Left"
"2021-05-07-13-03-13-Messung_5_(J)_767.csv","Lateral_Left"
"2021-05-07-13-03-13-Messung_5_(J)_768.csv","Lateral_Left"
"2021-05-07-13-03-13-Messung_5_(J)_769.csv","Lateral_Left"
"2021-05-07-13-03-13-Messung_5_(J)_770.csv","Lateral_Left"
"2021-05-07-13-03-13-Messung_5_(J)_771.csv","Lateral_Left"
"2021-05-07-13-03-13-Messung_5_(J)_772.csv","Lateral_Left"
"2021-05-07-13-03-13-Messung_5_(J)_773.csv","Lateral_Left"
"2021-05-07-13-03-13-Messung_5_(J)_774.csv","Lateral_Left"
"2021-05-07-13-03-13-Messung_5_(J)_775.csv","Lateral_Left"
"2021-05-07-13-03-13-Messung_5_(J)_776.csv","Lateral_Left"
"2021-05-07-13-03-13-Messung_5_(J)_777.csv","Lateral_Left"
"2021-05-07-13-03-13-Messung_5_(J)_778.csv","Lateral_Left"
"2021-05-07-13-03-13-Messung_5_(J)_779.csv","Lateral_Left"
"2021-05-07-13-03-13-Messung_5_(J)_780.csv","Lateral_Left"
"2021-05-07-13-03-14-Messung_5_(J)_781.csv","Lateral_Left"
"2021-05-07-13-03-14-Messung_5_(J)_782.csv","Lateral_Left"
"2021-05-07-13-03-14-Messung_5_(J)_783.csv","Lateral_Left"
"2021-05-07-13-03-14-Messung_5_(J)_784.csv","Lateral_Left"
"2021-05-07-13-03-14-Messung_5_(J)_785.csv","Lateral_Left"
"2021-05-07-13-03-14-Messung_5_(J)_786.csv","Lateral_Left"
"2021-05-07-13-03-14-Messung_5_(J)_787.csv","Lateral_Left"
"2021-05-07-13-03-14-Messung_5_(J)_788.csv","Lateral_Left"
"2021-05-07-13-03-14-Messung_5_(J)_789.csv","Lateral_Left"
"2021-05-07-13-03-14-Messung_5_(J)_790.csv","Lateral_Left"
"2021-05-07-13-03-14-Messung_5_(J)_791.csv","Lateral_Left"
"2021-05-07-13-03-14-Messung_5_(J)_792.csv","Lateral_Left"
"2021-05-07-13-03-14-Messung_5_(J)_793.csv","Lateral_Left"
"2021-05-07-13-03-14-Messung_5_(J)_794.csv","Lateral_Left"
"2021-05-07-13-03-14-Messung_5_(J)_795.csv","Lateral_Left"
"2021-05-07-13-03-14-Messung_5_(J)_796.csv","Changing"
"2021-05-07-13-03-14-Messung_5_(J)_797.csv","Changing"
"2021-05-07-13-03-14-Messung_5_(J)_798.csv","Changing"
"2021-05-07-13-03-15-Messung_5_(J)_799.csv","Changing"
"2021-05-07-13-03-15-Messung_5_(J)_800.csv","Changing"
"2021-05-07-13-03-15-Messung_5_(J)_801.csv","Changing"
"2021-05-07-13-03-15-Messung_5_(J)_802.csv","Changing"
"2021-05-07-13-03-15-Messung_5_(J)_803.csv","Changing"
"2021-05-07-13-03-15-Messung_5_(J)_804.csv","Changing"
"2021-05-07-13-03-15-Messung_5_(J)_805.csv","Changing"
"2021-05-07-13-03-15-Messung_5_(J)_806.csv","Changing"
"2021-05-07-13-03-15-Messung_5_(J)_807.csv","Changing"
"2021-05-07-13-03-15-Messung_5_(J)_808.csv","Changing"
"2021-05-07-13-03-15-Messung_5_(J)_809.csv","Changing"
"2021-05-07-13-03-15-Messung_5_(J)_810.csv","Changing"
"2021-05-07-13-03-15-Messung_5_(J)_811.csv","Changing"
"2021-05-07-13-03-15-Messung_5_(J)_812.csv","Changing"
"2021-05-07-13-03-15-Messung_5_(J)_813.csv","Lateral_Left"
"2021-05-07-13-03-15-Messung_5_(J)_814.csv","Lateral_Left"
"2021-05-07-13-03-15-Messung_5_(J)_815.csv","Lateral_Left"
"2021-05-07-13-03-16-Messung_5_(J)_816.csv","Lateral_Left"
"2021-05-07-13-03-16-Messung_5_(J)_817.csv","Lateral_Left"
"2021-05-07-13-03-16-Messung_5_(J)_818.csv","Lateral_Left"
"2021-05-07-13-03-16-Messung_5_(J)_819.csv","Lateral_Left"
"2021-05-07-13-03-16-Messung_5_(J)_820.csv","Lateral_Left"
"2021-05-07-13-03-16-Messung_5_(J)_821.csv","Lateral_Left"
"2021-05-07-13-03-16-Messung_5_(J)_822.csv","Lateral_Left"
"2021-05-07-13-03-16-Messung_5_(J)_823.csv","Lateral_Left"
"2021-05-07-13-03-16-Messung_5_(J)_824.csv","Lateral_Left"
"2021-05-07-13-03-16-Messung_5_(J)_825.csv","Lateral_Left"
"2021-05-07-13-03-16-Messung_5_(J)_826.csv","Lateral_Left"
"2021-05-07-13-03-16-Messung_5_(J)_827.csv","Lateral_Left"
"2021-05-07-13-03-16-Messung_5_(J)_828.csv","Lateral_Left"
"2021-05-07-13-03-16-Messung_5_(J)_829.csv","Lateral_Left"
"2021-05-07-13-03-16-Messung_5_(J)_830.csv","Lateral_Left"
"2021-05-07-13-03-16-Messung_5_(J)_831.csv","Lateral_Left"
"2021-05-07-13-03-16-Messung_5_(J)_832.csv","Lateral_Left"
"2021-05-07-13-03-16-Messung_5_(J)_833.csv","Lateral_Left"
"2021-05-07-13-03-17-Messung_5_(J)_834.csv","Lateral_Left"
"2021-05-07-13-03-17-Messung_5_(J)_835.csv","Lateral_Left"
"2021-05-07-13-03-17-Messung_5_(J)_836.csv","Lateral_Left"
"2021-05-07-13-03-17-Messung_5_(J)_837.csv","Lateral_Left"
"2021-05-07-13-03-17-Messung_5_(J)_838.csv","Lateral_Left"
"2021-05-07-13-03-17-Messung_5_(J)_839.csv","Lateral_Left"
"2021-05-07-13-03-17-Messung_5_(J)_840.csv","Lateral_Left"
"2021-05-07-13-03-17-Messung_5_(J)_841.csv","Lateral_Left"
"2021-05-07-13-03-17-Messung_5_(J)_842.csv","Lateral_Left"
"2021-05-07-13-03-17-Messung_5_(J)_843.csv","Lateral_Left"
"2021-05-07-13-03-17-Messung_5_(J)_844.csv","Lateral_Left"
"2021-05-07-13-03-17-Messung_5_(J)_845.csv","Lateral_Left"
"2021-05-07-13-03-17-Messung_5_(J)_846.csv","Lateral_Left"
"2021-05-07-13-03-17-Messung_5_(J)_847.csv","Lateral_Left"
"2021-05-07-13-03-17-Messung_5_(J)_848.csv","Lateral_Left"
"2021-05-07-13-03-17-Messung_5_(J)_849.csv","Lateral_Left"
"2021-05-07-13-03-17-Messung_5_(J)_850.csv","Lateral_Left"
"2021-05-07-13-03-17-Messung_5_(J)_851.csv","Lateral_Left"
"2021-05-07-13-03-18-Messung_5_(J)_852.csv","Lateral_Left"
"2021-05-07-13-03-18-Messung_5_(J)_853.csv","Lateral_Left"
"2021-05-07-13-03-18-Messung_5_(J)_854.csv","Lateral_Left"
"2021-05-07-13-03-18-Messung_5_(J)_855.csv","Lateral_Left"
"2021-05-07-13-03-18-Messung_5_(J)_856.csv","Lateral_Left"
"2021-05-07-13-03-18-Messung_5_(J)_857.csv","Lateral_Left"
"2021-05-07-13-03-18-Messung_5_(J)_858.csv","Lateral_Left"
"2021-05-07-13-03-18-Messung_5_(J)_859.csv","Lateral_Left"
"2021-05-07-13-03-18-Messung_5_(J)_860.csv","Lateral_Left"
"2021-05-07-13-03-18-Messung_5_(J)_861.csv","Lateral_Left"
"2021-05-07-13-03-18-Messung_5_(J)_862.csv","Lateral_Left"
"2021-05-07-13-03-18-Messung_5_(J)_863.csv","Lateral_Left"
"2021-05-07-13-03-18-Messung_5_(J)_864.csv","Lateral_Left"
"2021-05-07-13-03-18-Messung_5_(J)_865.csv","Lateral_Left"
"2021-05-07-13-03-18-Messung_5_(J)_866.csv","Lateral_Left"
"2021-05-07-13-03-18-Messung_5_(J)_867.csv","Lateral_Left"
"2021-05-07-13-03-18-Messung_5_(J)_868.csv","Lateral_Left"
"2021-05-07-13-03-19-Messung_5_(J)_869.csv","Lateral_Left"
"2021-05-07-13-03-19-Messung_5_(J)_870.csv","Lateral_Left"
"2021-05-07-13-03-19-Messung_5_(J)_871.csv","Lateral_Left"
"2021-05-07-13-03-19-Messung_5_(J)_872.csv","Lateral_Left"
"2021-05-07-13-03-19-Messung_5_(J)_873.csv","Lateral_Left"
"2021-05-07-13-03-19-Messung_5_(J)_874.csv","Lateral_Left"
"2021-05-07-13-03-19-Messung_5_(J)_875.csv","Lateral_Left"
"2021-05-07-13-03-19-Messung_5_(J)_876.csv","Lateral_Left"
"2021-05-07-13-03-19-Messung_5_(J)_877.csv","Lateral_Left"
"2021-05-07-13-03-19-Messung_5_(J)_878.csv","Lateral_Left"
"2021-05-07-13-03-19-Messung_5_(J)_879.csv","Lateral_Left"
"2021-05-07-13-03-19-Messung_5_(J)_880.csv","Lateral_Left"
"2021-05-07-13-03-19-Messung_5_(J)_881.csv","Lateral_Left"
"2021-05-07-13-03-19-Messung_5_(J)_882.csv","Lateral_Left"
"2021-05-07-13-03-19-Messung_5_(J)_883.csv","Lateral_Left"
"2021-05-07-13-03-19-Messung_5_(J)_884.csv","Lateral_Left"
"2021-05-07-13-03-19-Messung_5_(J)_885.csv","Lateral_Left"
"2021-05-07-13-03-19-Messung_5_(J)_886.csv","Lateral_Left"
"2021-05-07-13-03-20-Messung_5_(J)_887.csv","Lateral_Left"
"2021-05-07-13-03-20-Messung_5_(J)_888.csv","Lateral_Left"
"2021-05-07-13-03-20-Messung_5_(J)_889.csv","Lateral_Left"
"2021-05-07-13-03-20-Messung_5_(J)_890.csv","Lateral_Left"
"2021-05-07-13-03-20-Messung_5_(J)_891.csv","Lateral_Left"
"2021-05-07-13-03-20-Messung_5_(J)_892.csv","Lateral_Left"
"2021-05-07-13-03-20-Messung_5_(J)_893.csv","Lateral_Left"
"2021-05-07-13-03-20-Messung_5_(J)_894.csv","Lateral_Left"
"2021-05-07-13-03-20-Messung_5_(J)_895.csv","Lateral_Left"
"2021-05-07-13-03-20-Messung_5_(J)_896.csv","Lateral_Left"
"2021-05-07-13-03-20-Messung_5_(J)_897.csv","Lateral_Left"
"2021-05-07-13-03-20-Messung_5_(J)_898.csv","Lateral_Left"
"2021-05-07-13-03-20-Messung_5_(J)_899.csv","Lateral_Left"
"2021-05-07-13-03-20-Messung_5_(J)_900.csv","Lateral_Left"
"2021-05-07-13-03-20-Messung_5_(J)_901.csv","Lateral_Left"
"2021-05-07-13-03-20-Messung_5_(J)_902.csv","Lateral_Left"
"2021-05-07-13-03-20-Messung_5_(J)_903.csv","Lateral_Left"
"2021-05-07-13-03-20-Messung_5_(J)_904.csv","Lateral_Left"
"2021-05-07-13-03-21-Messung_5_(J)_905.csv","Lateral_Left"
"2021-05-07-13-03-21-Messung_5_(J)_906.csv","Lateral_Left"
"2021-05-07-13-03-21-Messung_5_(J)_907.csv","Lateral_Left"
"2021-05-07-13-03-21-Messung_5_(J)_908.csv","Lateral_Left"
"2021-05-07-13-03-21-Messung_5_(J)_909.csv","Lateral_Left"
"2021-05-07-13-03-21-Messung_5_(J)_910.csv","Lateral_Left"
"2021-05-07-13-03-21-Messung_5_(J)_911.csv","Lateral_Left"
"2021-05-07-13-03-21-Messung_5_(J)_912.csv","Lateral_Left"
"2021-05-07-13-03-21-Messung_5_(J)_913.csv","Lateral_Left"
"2021-05-07-13-03-21-Messung_5_(J)_914.csv","Lateral_Left"
"2021-05-07-13-03-21-Messung_5_(J)_915.csv","Lateral_Left"
"2021-05-07-13-03-21-Messung_5_(J)_916.csv","Lateral_Left"
"2021-05-07-13-03-21-Messung_5_(J)_917.csv","Lateral_Left"
"2021-05-07-13-03-21-Messung_5_(J)_918.csv","Lateral_Left"
"2021-05-07-13-03-21-Messung_5_(J)_919.csv","Lateral_Left"
"2021-05-07-13-03-21-Messung_5_(J)_920.csv","Lateral_Left"
"2021-05-07-13-03-21-Messung_5_(J)_921.csv","Lateral_Left"
"2021-05-07-13-03-22-Messung_5_(J)_922.csv","Lateral_Left"
"2021-05-07-13-03-22-Messung_5_(J)_923.csv","Lateral_Left"
"2021-05-07-13-03-22-Messung_5_(J)_924.csv","Lateral_Left"
"2021-05-07-13-03-22-Messung_5_(J)_925.csv","Lateral_Left"
"2021-05-07-13-03-22-Messung_5_(J)_926.csv","Lateral_Left"
"2021-05-07-13-03-22-Messung_5_(J)_927.csv","Lateral_Left"
"2021-05-07-13-03-22-Messung_5_(J)_928.csv","Lateral_Left"
"2021-05-07-13-03-22-Messung_5_(J)_929.csv","Lateral_Left"
"2021-05-07-13-03-22-Messung_5_(J)_930.csv","Lateral_Left"
"2021-05-07-13-03-22-Messung_5_(J)_931.csv","Lateral_Left"
"2021-05-07-13-03-22-Messung_5_(J)_932.csv","Lateral_Left"
"2021-05-07-13-03-22-Messung_5_(J)_933.csv","Lateral_Left"
"2021-05-07-13-03-22-Messung_5_(J)_934.csv","Lateral_Left"
"2021-05-07-13-03-22-Messung_5_(J)_935.csv","Lateral_Left"
"2021-05-07-13-03-22-Messung_5_(J)_936.csv","Lateral_Left"
"2021-05-07-13-03-22-Messung_5_(J)_937.csv","Lateral_Left"
"2021-05-07-13-03-22-Messung_5_(J)_938.csv","Lateral_Left"
"2021-05-07-13-03-22-Messung_5_(J)_939.csv","Lateral_Left"
"2021-05-07-13-03-23-Messung_5_(J)_940.csv","Lateral_Left"
"2021-05-07-13-03-23-Messung_5_(J)_941.csv","Lateral_Left"
"2021-05-07-13-03-23-Messung_5_(J)_942.csv","Lateral_Left"
"2021-05-07-13-03-23-Messung_5_(J)_943.csv","Lateral_Left"
"2021-05-07-13-03-23-Messung_5_(J)_944.csv","Lateral_Left"
"2021-05-07-13-03-23-Messung_5_(J)_945.csv","Lateral_Left"
"2021-05-07-13-03-23-Messung_5_(J)_946.csv","Lateral_Left"
"2021-05-07-13-03-23-Messung_5_(J)_947.csv","Lateral_Left"
"2021-05-07-13-03-23-Messung_5_(J)_948.csv","Lateral_Left"
"2021-05-07-13-03-23-Messung_5_(J)_949.csv","Lateral_Left"
"2021-05-07-13-03-23-Messung_5_(J)_950.csv","Lateral_Left"
"2021-05-07-13-03-23-Messung_5_(J)_951.csv","Lateral_Left"
"2021-05-07-13-03-23-Messung_5_(J)_952.csv","Lateral_Left"
"2021-05-07-13-03-23-Messung_5_(J)_953.csv","Lateral_Left"
"2021-05-07-13-03-23-Messung_5_(J)_954.csv","Lateral_Left"
"2021-05-07-13-03-23-Messung_5_(J)_955.csv","Lateral_Left"
"2021-05-07-13-03-23-Messung_5_(J)_956.csv","Lateral_Left"
"2021-05-07-13-03-23-Messung_5_(J)_957.csv","Lateral_Left"
"2021-05-07-13-03-24-Messung_5_(J)_958.csv","Lateral_Left"
"2021-05-07-13-03-24-Messung_5_(J)_959.csv","Lateral_Left"
"2021-05-07-13-03-24-Messung_5_(J)_960.csv","Lateral_Left"
"2021-05-07-13-03-24-Messung_5_(J)_961.csv","Lateral_Left"
"2021-05-07-13-03-24-Messung_5_(J)_962.csv","Lateral_Left"
"2021-05-07-13-03-24-Messung_5_(J)_963.csv","Lateral_Left"
"2021-05-07-13-03-24-Messung_5_(J)_964.csv","Lateral_Left"
"2021-05-07-13-03-24-Messung_5_(J)_965.csv","Lateral_Left"
"2021-05-07-13-03-24-Messung_5_(J)_966.csv","Lateral_Left"
"2021-05-07-13-03-24-Messung_5_(J)_967.csv","Lateral_Left"
"2021-05-07-13-03-24-Messung_5_(J)_968.csv","Lateral_Left"
"2021-05-07-13-03-24-Messung_5_(J)_969.csv","Lateral_Left"
"2021-05-07-13-03-24-Messung_5_(J)_970.csv","Lateral_Left"
"2021-05-07-13-03-24-Messung_5_(J)_971.csv","Lateral_Left"
"2021-05-07-13-03-24-Messung_5_(J)_972.csv","Lateral_Left"
"2021-05-07-13-03-24-Messung_5_(J)_973.csv","Lateral_Left"
"2021-05-07-13-03-24-Messung_5_(J)_974.csv","Lateral_Left"
"2021-05-07-13-03-25-Messung_5_(J)_975.csv","Lateral_Left"
"2021-05-07-13-03-25-Messung_5_(J)_976.csv","Lateral_Left"
"2021-05-07-13-03-25-Messung_5_(J)_977.csv","Lateral_Left"
"2021-05-07-13-03-25-Messung_5_(J)_978.csv","Lateral_Left"
"2021-05-07-13-03-25-Messung_5_(J)_979.csv","Lateral_Left"
"2021-05-07-13-03-25-Messung_5_(J)_980.csv","Lateral_Left"
"2021-05-07-13-03-25-Messung_5_(J)_981.csv","Lateral_Left"
"2021-05-07-13-03-25-Messung_5_(J)_982.csv","Lateral_Left"
"2021-05-07-13-03-25-Messung_5_(J)_983.csv","Lateral_Left"
"2021-05-07-13-03-25-Messung_5_(J)_984.csv","Lateral_Left"
"2021-05-07-13-03-25-Messung_5_(J)_985.csv","Lateral_Left"
"2021-05-07-13-03-25-Messung_5_(J)_986.csv","Lateral_Left"
"2021-05-07-13-03-25-Messung_5_(J)_987.csv","Lateral_Left"
"2021-05-07-13-03-25-Messung_5_(J)_988.csv","Lateral_Left"
"2021-05-07-13-03-25-Messung_5_(J)_989.csv","Lateral_Left"
"2021-05-07-13-03-25-Messung_5_(J)_990.csv","Lateral_Left"
"2021-05-07-13-03-25-Messung_5_(J)_991.csv","Lateral_Left"
"2021-05-07-13-03-25-Messung_5_(J)_992.csv","Lateral_Left"
"2021-05-07-13-03-26-Messung_5_(J)_993.csv","Lateral_Left"
"2021-05-07-13-03-26-Messung_5_(J)_994.csv","Lateral_Left"
"2021-05-07-13-03-26-Messung_5_(J)_995.csv","Lateral_Left"
"2021-05-07-13-03-26-Messung_5_(J)_996.csv","Lateral_Left"
"2021-05-07-13-03-26-Messung_5_(J)_997.csv","Lateral_Left"
"2021-05-07-13-03-26-Messung_5_(J)_998.csv","Lateral_Left"
"2021-05-07-13-03-26-Messung_5_(J)_999.csv","Lateral_Left"
"2021-05-07-13-03-26-Messung_5_(J)_1000.csv","Lateral_Left"
"2021-05-07-13-03-26-Messung_5_(J)_1001.csv","Lateral_Left"
"2021-05-07-13-03-26-Messung_5_(J)_1002.csv","Lateral_Left"
"2021-05-07-13-03-26-Messung_5_(J)_1003.csv","Lateral_Left"
"2021-05-07-13-03-26-Messung_5_(J)_1004.csv","Lateral_Left"
"2021-05-07-13-03-26-Messung_5_(J)_1005.csv","Lateral_Left"
"2021-05-07-13-03-26-Messung_5_(J)_1006.csv","Lateral_Left"
"2021-05-07-13-03-26-Messung_5_(J)_1007.csv","Lateral_Left"
"2021-05-07-13-03-26-Messung_5_(J)_1008.csv","Lateral_Left"
"2021-05-07-13-03-26-Messung_5_(J)_1009.csv","Lateral_Left"
"2021-05-07-13-03-26-Messung_5_(J)_1010.csv","Lateral_Left"
"2021-05-07-13-03-27-Messung_5_(J)_1011.csv","Lateral_Left"
"2021-05-07-13-03-27-Messung_5_(J)_1012.csv","Lateral_Left"
"2021-05-07-13-03-27-Messung_5_(J)_1013.csv","Lateral_Left"
"2021-05-07-13-03-27-Messung_5_(J)_1014.csv","Lateral_Left"
"2021-05-07-13-03-27-Messung_5_(J)_1015.csv","Lateral_Left"
"2021-05-07-13-03-27-Messung_5_(J)_1016.csv","Lateral_Left"
"2021-05-07-13-03-27-Messung_5_(J)_1017.csv","Lateral_Left"
"2021-05-07-13-03-27-Messung_5_(J)_1018.csv","Lateral_Left"
"2021-05-07-13-03-27-Messung_5_(J)_1019.csv","Lateral_Left"
"2021-05-07-13-03-27-Messung_5_(J)_1020.csv","Lateral_Left"
"2021-05-07-13-03-27-Messung_5_(J)_1021.csv","Lateral_Left"
"2021-05-07-13-03-27-Messung_5_(J)_1022.csv","Lateral_Left"
"2021-05-07-13-03-27-Messung_5_(J)_1023.csv","Lateral_Left"
"2021-05-07-13-03-27-Messung_5_(J)_1024.csv","Lateral_Left"
"2021-05-07-13-03-27-Messung_5_(J)_1025.csv","Lateral_Left"
"2021-05-07-13-03-27-Messung_5_(J)_1026.csv","Lateral_Left"
"2021-05-07-13-03-27-Messung_5_(J)_1027.csv","Lateral_Left"
"2021-05-07-13-03-28-Messung_5_(J)_1028.csv","Lateral_Left"
"2021-05-07-13-03-28-Messung_5_(J)_1029.csv","Lateral_Left"
"2021-05-07-13-03-28-Messung_5_(J)_1030.csv","Lateral_Left"
"2021-05-07-13-03-28-Messung_5_(J)_1031.csv","Lateral_Left"
"2021-05-07-13-03-28-Messung_5_(J)_1032.csv","Lateral_Left"
"2021-05-07-13-03-28-Messung_5_(J)_1033.csv","Lateral_Left"
"2021-05-07-13-03-28-Messung_5_(J)_1034.csv","Lateral_Left"
"2021-05-07-13-03-28-Messung_5_(J)_1035.csv","Lateral_Left"
"2021-05-07-13-03-28-Messung_5_(J)_1036.csv","Lateral_Left"
"2021-05-07-13-03-28-Messung_5_(J)_1037.csv","Lateral_Left"
"2021-05-07-13-03-28-Messung_5_(J)_1038.csv","Lateral_Left"
"2021-05-07-13-03-28-Messung_5_(J)_1039.csv","Lateral_Left"
"2021-05-07-13-03-28-Messung_5_(J)_1040.csv","Lateral_Left"
"2021-05-07-13-03-28-Messung_5_(J)_1041.csv","Lateral_Left"
"2021-05-07-13-03-28-Messung_5_(J)_1042.csv","Lateral_Left"
"2021-05-07-13-03-28-Messung_5_(J)_1043.csv","Lateral_Left"
"2021-05-07-13-03-28-Messung_5_(J)_1044.csv","Lateral_Left"
"2021-05-07-13-03-28-Messung_5_(J)_1045.csv","Lateral_Left"
"2021-05-07-13-03-29-Messung_5_(J)_1046.csv","Lateral_Left"
"2021-05-07-13-03-29-Messung_5_(J)_1047.csv","Lateral_Left"
"2021-05-07-13-03-29-Messung_5_(J)_1048.csv","Lateral_Left"
"2021-05-07-13-03-29-Messung_5_(J)_1049.csv","Lateral_Left"
"2021-05-07-13-03-29-Messung_5_(J)_1050.csv","Lateral_Left"
"2021-05-07-13-03-29-Messung_5_(J)_1051.csv","Lateral_Left"
"2021-05-07-13-03-29-Messung_5_(J)_1052.csv","Lateral_Left"
"2021-05-07-13-03-29-Messung_5_(J)_1053.csv","Lateral_Left"
"2021-05-07-13-03-29-Messung_5_(J)_1054.csv","Lateral_Left"
"2021-05-07-13-03-29-Messung_5_(J)_1055.csv","Lateral_Left"
"2021-05-07-13-03-29-Messung_5_(J)_1056.csv","Lateral_Left"
"2021-05-07-13-03-29-Messung_5_(J)_1057.csv","Lateral_Left"
"2021-05-07-13-03-29-Messung_5_(J)_1058.csv","Lateral_Left"
"2021-05-07-13-03-29-Messung_5_(J)_1059.csv","Lateral_Left"
"2021-05-07-13-03-29-Messung_5_(J)_1060.csv","Lateral_Left"
"2021-05-07-13-03-29-Messung_5_(J)_1061.csv","Lateral_Left"
"2021-05-07-13-03-29-Messung_5_(J)_1062.csv","Lateral_Left"
"2021-05-07-13-03-29-Messung_5_(J)_1063.csv","Lateral_Left"
"2021-05-07-13-03-30-Messung_5_(J)_1064.csv","Lateral_Left"
"2021-05-07-13-03-30-Messung_5_(J)_1065.csv","Lateral_Left"
"2021-05-07-13-03-30-Messung_5_(J)_1066.csv","Lateral_Left"
"2021-05-07-13-03-30-Messung_5_(J)_1067.csv","Lateral_Left"
"2021-05-07-13-03-30-Messung_5_(J)_1068.csv","Lateral_Left"
"2021-05-07-13-03-30-Messung_5_(J)_1069.csv","Lateral_Left"
"2021-05-07-13-03-30-Messung_5_(J)_1070.csv","Lateral_Left"
"2021-05-07-13-03-30-Messung_5_(J)_1071.csv","Lateral_Left"
"2021-05-07-13-03-30-Messung_5_(J)_1072.csv","Lateral_Left"
"2021-05-07-13-03-30-Messung_5_(J)_1073.csv","Lateral_Left"
"2021-05-07-13-03-30-Messung_5_(J)_1074.csv","Lateral_Left"
"2021-05-07-13-03-30-Messung_5_(J)_1075.csv","Lateral_Left"
"2021-05-07-13-03-30-Messung_5_(J)_1076.csv","Lateral_Left"
"2021-05-07-13-03-30-Messung_5_(J)_1077.csv","Lateral_Left"
"2021-05-07-13-03-30-Messung_5_(J)_1078.csv","Lateral_Left"
"2021-05-07-13-03-30-Messung_5_(J)_1079.csv","Lateral_Left"
"2021-05-07-13-03-30-Messung_5_(J)_1080.csv","Lateral_Left"
"2021-05-07-13-03-30-Messung_5_(J)_1081.csv","Lateral_Left"
"2021-05-07-13-03-31-Messung_5_(J)_1082.csv","Lateral_Left"
"2021-05-07-13-03-31-Messung_5_(J)_1083.csv","Lateral_Left"
"2021-05-07-13-03-31-Messung_5_(J)_1084.csv","Lateral_Left"
"2021-05-07-13-03-31-Messung_5_(J)_1085.csv","Lateral_Left"
"2021-05-07-13-03-31-Messung_5_(J)_1086.csv","Lateral_Left"
"2021-05-07-13-03-31-Messung_5_(J)_1087.csv","Lateral_Left"
"2021-05-07-13-03-31-Messung_5_(J)_1088.csv","Lateral_Left"
"2021-05-07-13-03-31-Messung_5_(J)_1089.csv","Lateral_Left"
"2021-05-07-13-03-31-Messung_5_(J)_1090.csv","Lateral_Left"
"2021-05-07-13-03-31-Messung_5_(J)_1091.csv","Lateral_Left"
"2021-05-07-13-03-31-Messung_5_(J)_1092.csv","Lateral_Left"
"2021-05-07-13-03-31-Messung_5_(J)_1093.csv","Lateral_Left"
"2021-05-07-13-03-31-Messung_5_(J)_1094.csv","Lateral_Left"
"2021-05-07-13-03-31-Messung_5_(J)_1095.csv","Lateral_Left"
"2021-05-07-13-03-31-Messung_5_(J)_1096.csv","Lateral_Left"
"2021-05-07-13-03-31-Messung_5_(J)_1097.csv","Lateral_Left"
"2021-05-07-13-03-31-Messung_5_(J)_1098.csv","Lateral_Left"
"2021-05-07-13-03-32-Messung_5_(J)_1099.csv","Lateral_Left"
"2021-05-07-13-03-32-Messung_5_(J)_1100.csv","Lateral_Left"
"2021-05-07-13-03-32-Messung_5_(J)_1101.csv","Lateral_Left"
"2021-05-07-13-03-32-Messung_5_(J)_1102.csv","Lateral_Left"
"2021-05-07-13-03-32-Messung_5_(J)_1103.csv","Lateral_Left"
"2021-05-07-13-03-32-Messung_5_(J)_1104.csv","Lateral_Left"
"2021-05-07-13-03-32-Messung_5_(J)_1105.csv","Lateral_Left"
"2021-05-07-13-03-32-Messung_5_(J)_1106.csv","Lateral_Left"
"2021-05-07-13-03-32-Messung_5_(J)_1107.csv","Lateral_Left"
"2021-05-07-13-03-32-Messung_5_(J)_1108.csv","Lateral_Left"
"2021-05-07-13-03-32-Messung_5_(J)_1109.csv","Lateral_Left"
"2021-05-07-13-03-32-Messung_5_(J)_1110.csv","Lateral_Left"
"2021-05-07-13-03-32-Messung_5_(J)_1111.csv","Lateral_Left"
"2021-05-07-13-03-32-Messung_5_(J)_1112.csv","Changing"
"2021-05-07-13-03-32-Messung_5_(J)_1113.csv","Changing"
"2021-05-07-13-03-32-Messung_5_(J)_1114.csv","Changing"
"2021-05-07-13-03-32-Messung_5_(J)_1115.csv","Changing"
"2021-05-07-13-03-32-Messung_5_(J)_1116.csv","Changing"
"2021-05-07-13-03-33-Messung_5_(J)_1117.csv","Changing"
"2021-05-07-13-03-33-Messung_5_(J)_1118.csv","Changing"
"2021-05-07-13-03-33-Messung_5_(J)_1119.csv","Changing"
"2021-05-07-13-03-33-Messung_5_(J)_1120.csv","Changing"
"2021-05-07-13-03-33-Messung_5_(J)_1121.csv","Changing"
"2021-05-07-13-03-33-Messung_5_(J)_1122.csv","Changing"
"2021-05-07-13-03-33-Messung_5_(J)_1123.csv","Changing"
"2021-05-07-13-03-33-Messung_5_(J)_1124.csv","Changing"
"2021-05-07-13-03-33-Messung_5_(J)_1125.csv","Changing"
"2021-05-07-13-03-33-Messung_5_(J)_1126.csv","Changing"
"2021-05-07-13-03-33-Messung_5_(J)_1127.csv","Changing"
"2021-05-07-13-03-33-Messung_5_(J)_1128.csv","Changing"
"2021-05-07-13-03-33-Messung_5_(J)_1129.csv","Changing"
"2021-05-07-13-03-33-Messung_5_(J)_1130.csv","Changing"
"2021-05-07-13-03-33-Messung_5_(J)_1131.csv","Changing"
"2021-05-07-13-03-33-Messung_5_(J)_1132.csv","Changing"
"2021-05-07-13-03-33-Messung_5_(J)_1133.csv","Changing"
"2021-05-07-13-03-33-Messung_5_(J)_1134.csv","Changing"
"2021-05-07-13-03-34-Messung_5_(J)_1135.csv","Changing"
"2021-05-07-13-03-34-Messung_5_(J)_1136.csv","Changing"
"2021-05-07-13-03-34-Messung_5_(J)_1137.csv","Changing"
"2021-05-07-13-03-34-Messung_5_(J)_1138.csv","Changing"
"2021-05-07-13-03-34-Messung_5_(J)_1139.csv","Changing"
"2021-05-07-13-03-34-Messung_5_(J)_1140.csv","Changing"
"2021-05-07-13-03-34-Messung_5_(J)_1141.csv","Changing"
"2021-05-07-13-03-34-Messung_5_(J)_1142.csv","Changing"
"2021-05-07-13-03-34-Messung_5_(J)_1143.csv","Changing"
"2021-05-07-13-03-34-Messung_5_(J)_1144.csv","Changing"
"2021-05-07-13-03-34-Messung_5_(J)_1145.csv","Changing"
"2021-05-07-13-03-34-Messung_5_(J)_1146.csv","Changing"
"2021-05-07-13-03-34-Messung_5_(J)_1147.csv","Changing"
"2021-05-07-13-03-34-Messung_5_(J)_1148.csv","Changing"
"2021-05-07-13-03-34-Messung_5_(J)_1149.csv","Changing"
"2021-05-07-13-03-34-Messung_5_(J)_1150.csv","Changing"
"2021-05-07-13-03-34-Messung_5_(J)_1151.csv","Changing"
"2021-05-07-13-03-35-Messung_5_(J)_1152.csv","Changing"
"2021-05-07-13-03-35-Messung_5_(J)_1153.csv","Changing"
"2021-05-07-13-03-35-Messung_5_(J)_1154.csv","Changing"
"2021-05-07-13-03-35-Messung_5_(J)_1155.csv","Changing"
"2021-05-07-13-03-35-Messung_5_(J)_1156.csv","Changing"
"2021-05-07-13-03-35-Messung_5_(J)_1157.csv","Changing"
"2021-05-07-13-03-35-Messung_5_(J)_1158.csv","Changing"
"2021-05-07-13-03-35-Messung_5_(J)_1159.csv","Changing"
"2021-05-07-13-03-35-Messung_5_(J)_1160.csv","Changing"
"2021-05-07-13-03-35-Messung_5_(J)_1161.csv","Changing"
"2021-05-07-13-03-35-Messung_5_(J)_1162.csv","Changing"
"2021-05-07-13-03-35-Messung_5_(J)_1163.csv","Changing"
"2021-05-07-13-03-35-Messung_5_(J)_1164.csv","Changing"
"2021-05-07-13-03-35-Messung_5_(J)_1165.csv","Changing"
"2021-05-07-13-03-35-Messung_5_(J)_1166.csv","Changing"
"2021-05-07-13-03-35-Messung_5_(J)_1167.csv","Changing"
"2021-05-07-13-03-35-Messung_5_(J)_1168.csv","Changing"
"2021-05-07-13-03-35-Messung_5_(J)_1169.csv","Changing"
"2021-05-07-13-03-36-Messung_5_(J)_1170.csv","Changing"
"2021-05-07-13-03-36-Messung_5_(J)_1171.csv","Changing"
"2021-05-07-13-03-36-Messung_5_(J)_1172.csv","Changing"
"2021-05-07-13-03-36-Messung_5_(J)_1173.csv","Changing"
"2021-05-07-13-03-36-Messung_5_(J)_1174.csv","Changing"
"2021-05-07-13-03-36-Messung_5_(J)_1175.csv","Changing"
"2021-05-07-13-03-36-Messung_5_(J)_1176.csv","Changing"
"2021-05-07-13-03-36-Messung_5_(J)_1177.csv","Changing"
"2021-05-07-13-03-36-Messung_5_(J)_1178.csv","Changing"
"2021-05-07-13-03-36-Messung_5_(J)_1179.csv","Changing"
"2021-05-07-13-03-36-Messung_5_(J)_1180.csv","Prone"
"2021-05-07-13-03-36-Messung_5_(J)_1181.csv","Prone"
"2021-05-07-13-03-36-Messung_5_(J)_1182.csv","Prone"
"2021-05-07-13-03-36-Messung_5_(J)_1183.csv","Prone"
"2021-05-07-13-03-36-Messung_5_(J)_1184.csv","Prone"
"2021-05-07-13-03-36-Messung_5_(J)_1185.csv","Prone"
"2021-05-07-13-03-36-Messung_5_(J)_1186.csv","Prone"
"2021-05-07-13-03-36-Messung_5_(J)_1187.csv","Prone"
"2021-05-07-13-03-37-Messung_5_(J)_1188.csv","Prone"
"2021-05-07-13-03-37-Messung_5_(J)_1189.csv","Prone"
"2021-05-07-13-03-37-Messung_5_(J)_1190.csv","Prone"
"2021-05-07-13-03-37-Messung_5_(J)_1191.csv","Prone"
"2021-05-07-13-03-37-Messung_5_(J)_1192.csv","Prone"
"2021-05-07-13-03-37-Messung_5_(J)_1193.csv","Prone"
"2021-05-07-13-03-37-Messung_5_(J)_1194.csv","Prone"
"2021-05-07-13-03-37-Messung_5_(J)_1195.csv","Prone"
"2021-05-07-13-03-37-Messung_5_(J)_1196.csv","Prone"
"2021-05-07-13-03-37-Messung_5_(J)_1197.csv","Prone"
"2021-05-07-13-03-37-Messung_5_(J)_1198.csv","Prone"
"2021-05-07-13-03-37-Messung_5_(J)_1199.csv","Prone"
"2021-05-07-13-03-37-Messung_5_(J)_1200.csv","Prone"
"2021-05-07-13-03-37-Messung_5_(J)_1201.csv","Prone"
"2021-05-07-13-03-37-Messung_5_(J)_1202.csv","Prone"
"2021-05-07-13-03-37-Messung_5_(J)_1203.csv","Prone"
"2021-05-07-13-03-37-Messung_5_(J)_1204.csv","Prone"
"2021-05-07-13-03-38-Messung_5_(J)_1205.csv","Prone"
"2021-05-07-13-03-38-Messung_5_(J)_1206.csv","Prone"
"2021-05-07-13-03-38-Messung_5_(J)_1207.csv","Prone"
"2021-05-07-13-03-38-Messung_5_(J)_1208.csv","Prone"
"2021-05-07-13-03-38-Messung_5_(J)_1209.csv","Prone"
"2021-05-07-13-03-38-Messung_5_(J)_1210.csv","Prone"
"2021-05-07-13-03-38-Messung_5_(J)_1211.csv","Prone"
"2021-05-07-13-03-38-Messung_5_(J)_1212.csv","Prone"
"2021-05-07-13-03-38-Messung_5_(J)_1213.csv","Prone"
"2021-05-07-13-03-38-Messung_5_(J)_1214.csv","Prone"
"2021-05-07-13-03-38-Messung_5_(J)_1215.csv","Prone"
"2021-05-07-13-03-38-Messung_5_(J)_1216.csv","Prone"
"2021-05-07-13-03-38-Messung_5_(J)_1217.csv","Prone"
"2021-05-07-13-03-38-Messung_5_(J)_1218.csv","Prone"
"2021-05-07-13-03-38-Messung_5_(J)_1219.csv","Prone"
"2021-05-07-13-03-38-Messung_5_(J)_1220.csv","Prone"
"2021-05-07-13-03-38-Messung_5_(J)_1221.csv","Prone"
"2021-05-07-13-03-38-Messung_5_(J)_1222.csv","Prone"
"2021-05-07-13-03-39-Messung_5_(J)_1223.csv","Prone"
"2021-05-07-13-03-39-Messung_5_(J)_1224.csv","Prone"
"2021-05-07-13-03-39-Messung_5_(J)_1225.csv","Prone"
"2021-05-07-13-03-39-Messung_5_(J)_1226.csv","Prone"
"2021-05-07-13-03-39-Messung_5_(J)_1227.csv","Prone"
"2021-05-07-13-03-39-Messung_5_(J)_1228.csv","Prone"
"2021-05-07-13-03-39-Messung_5_(J)_1229.csv","Prone"
"2021-05-07-13-03-39-Messung_5_(J)_1230.csv","Prone"
"2021-05-07-13-03-39-Messung_5_(J)_1231.csv","Prone"
"2021-05-07-13-03-39-Messung_5_(J)_1232.csv","Prone"
"2021-05-07-13-03-39-Messung_5_(J)_1233.csv","Prone"
"2021-05-07-13-03-39-Messung_5_(J)_1234.csv","Prone"
"2021-05-07-13-03-39-Messung_5_(J)_1235.csv","Prone"
"2021-05-07-13-03-39-Messung_5_(J)_1236.csv","Prone"
"2021-05-07-13-03-39-Messung_5_(J)_1237.csv","Prone"
"2021-05-07-13-03-39-Messung_5_(J)_1238.csv","Prone"
"2021-05-07-13-03-39-Messung_5_(J)_1239.csv","Prone"
"2021-05-07-13-03-39-Messung_5_(J)_1240.csv","Prone"
"2021-05-07-13-03-40-Messung_5_(J)_1241.csv","Prone"
"2021-05-07-13-03-40-Messung_5_(J)_1242.csv","Prone"
"2021-05-07-13-03-40-Messung_5_(J)_1243.csv","Prone"
"2021-05-07-13-03-40-Messung_5_(J)_1244.csv","Prone"
"2021-05-07-13-03-40-Messung_5_(J)_1245.csv","Prone"
"2021-05-07-13-03-40-Messung_5_(J)_1246.csv","Prone"
"2021-05-07-13-03-40-Messung_5_(J)_1247.csv","Prone"
"2021-05-07-13-03-40-Messung_5_(J)_1248.csv","Prone"
"2021-05-07-13-03-40-Messung_5_(J)_1249.csv","Prone"
"2021-05-07-13-03-40-Messung_5_(J)_1250.csv","Prone"
"2021-05-07-13-03-40-Messung_5_(J)_1251.csv","Prone"
"2021-05-07-13-03-40-Messung_5_(J)_1252.csv","Prone"
"2021-05-07-13-03-40-Messung_5_(J)_1253.csv","Prone"
"2021-05-07-13-03-40-Messung_5_(J)_1254.csv","Prone"
"2021-05-07-13-03-40-Messung_5_(J)_1255.csv","Prone"
"2021-05-07-13-03-40-Messung_5_(J)_1256.csv","Prone"
"2021-05-07-13-03-40-Messung_5_(J)_1257.csv","Prone"
"2021-05-07-13-03-41-Messung_5_(J)_1258.csv","Prone"
"2021-05-07-13-03-41-Messung_5_(J)_1259.csv","Prone"
"2021-05-07-13-03-41-Messung_5_(J)_1260.csv","Prone"
"2021-05-07-13-03-41-Messung_5_(J)_1261.csv","Prone"
"2021-05-07-13-03-41-Messung_5_(J)_1262.csv","Prone"
"2021-05-07-13-03-41-Messung_5_(J)_1263.csv","Prone"
"2021-05-07-13-03-41-Messung_5_(J)_1264.csv","Prone"
"2021-05-07-13-03-41-Messung_5_(J)_1265.csv","Prone"
"2021-05-07-13-03-41-Messung_5_(J)_1266.csv","Prone"
"2021-05-07-13-03-41-Messung_5_(J)_1267.csv","Prone"
"2021-05-07-13-03-41-Messung_5_(J)_1268.csv","Prone"
"2021-05-07-13-03-41-Messung_5_(J)_1269.csv","Prone"
"2021-05-07-13-03-41-Messung_5_(J)_1270.csv","Prone"
"2021-05-07-13-03-41-Messung_5_(J)_1271.csv","Prone"
"2021-05-07-13-03-41-Messung_5_(J)_1272.csv","Prone"
"2021-05-07-13-03-41-Messung_5_(J)_1273.csv","Prone"
"2021-05-07-13-03-41-Messung_5_(J)_1274.csv","Prone"
"2021-05-07-13-03-41-Messung_5_(J)_1275.csv","Prone"
"2021-05-07-13-03-42-Messung_5_(J)_1276.csv","Prone"
"2021-05-07-13-03-42-Messung_5_(J)_1277.csv","Prone"
"2021-05-07-13-03-42-Messung_5_(J)_1278.csv","Prone"
"2021-05-07-13-03-42-Messung_5_(J)_1279.csv","Prone"
"2021-05-07-13-03-42-Messung_5_(J)_1280.csv","Prone"
"2021-05-07-13-03-42-Messung_5_(J)_1281.csv","Prone"
"2021-05-07-13-03-42-Messung_5_(J)_1282.csv","Prone"
"2021-05-07-13-03-42-Messung_5_(J)_1283.csv","Prone"
"2021-05-07-13-03-42-Messung_5_(J)_1284.csv","Prone"
"2021-05-07-13-03-42-Messung_5_(J)_1285.csv","Prone"
"2021-05-07-13-03-42-Messung_5_(J)_1286.csv","Prone"
"2021-05-07-13-03-42-Messung_5_(J)_1287.csv","Prone"
"2021-05-07-13-03-42-Messung_5_(J)_1288.csv","Prone"
"2021-05-07-13-03-42-Messung_5_(J)_1289.csv","Prone"
"2021-05-07-13-03-42-Messung_5_(J)_1290.csv","Prone"
"2021-05-07-13-03-42-Messung_5_(J)_1291.csv","Prone"
"2021-05-07-13-03-42-Messung_5_(J)_1292.csv","Prone"
"2021-05-07-13-03-42-Messung_5_(J)_1293.csv","Prone"
"2021-05-07-13-03-43-Messung_5_(J)_1294.csv","Prone"
"2021-05-07-13-03-43-Messung_5_(J)_1295.csv","Prone"
"2021-05-07-13-03-43-Messung_5_(J)_1296.csv","Prone"
"2021-05-07-13-03-43-Messung_5_(J)_1297.csv","Prone"
"2021-05-07-13-03-43-Messung_5_(J)_1298.csv","Prone"
"2021-05-07-13-03-43-Messung_5_(J)_1299.csv","Prone"
"2021-05-07-13-03-43-Messung_5_(J)_1300.csv","Prone"
"2021-05-07-13-03-43-Messung_5_(J)_1301.csv","Prone"
"2021-05-07-13-03-43-Messung_5_(J)_1302.csv","Prone"
"2021-05-07-13-03-43-Messung_5_(J)_1303.csv","Prone"
"2021-05-07-13-03-43-Messung_5_(J)_1304.csv","Prone"
"2021-05-07-13-03-43-Messung_5_(J)_1305.csv","Prone"
"2021-05-07-13-03-43-Messung_5_(J)_1306.csv","Prone"
"2021-05-07-13-03-43-Messung_5_(J)_1307.csv","Prone"
"2021-05-07-13-03-43-Messung_5_(J)_1308.csv","Prone"
"2021-05-07-13-03-43-Messung_5_(J)_1309.csv","Prone"
"2021-05-07-13-03-43-Messung_5_(J)_1310.csv","Prone"
"2021-05-07-13-03-44-Messung_5_(J)_1311.csv","Prone"
"2021-05-07-13-03-44-Messung_5_(J)_1312.csv","Prone"
"2021-05-07-13-03-44-Messung_5_(J)_1313.csv","Prone"
"2021-05-07-13-03-44-Messung_5_(J)_1314.csv","Prone"
"2021-05-07-13-03-44-Messung_5_(J)_1315.csv","Prone"
"2021-05-07-13-03-44-Messung_5_(J)_1316.csv","Prone"
"2021-05-07-13-03-44-Messung_5_(J)_1317.csv","Prone"
"2021-05-07-13-03-44-Messung_5_(J)_1318.csv","Prone"
"2021-05-07-13-03-44-Messung_5_(J)_1319.csv","Prone"
"2021-05-07-13-03-44-Messung_5_(J)_1320.csv","Prone"
"2021-05-07-13-03-44-Messung_5_(J)_1321.csv","Prone"
"2021-05-07-13-03-44-Messung_5_(J)_1322.csv","Prone"
"2021-05-07-13-03-44-Messung_5_(J)_1323.csv","Prone"
"2021-05-07-13-03-44-Messung_5_(J)_1324.csv","Prone"
"2021-05-07-13-03-44-Messung_5_(J)_1325.csv","Prone"
"2021-05-07-13-03-44-Messung_5_(J)_1326.csv","Prone"
"2021-05-07-13-03-44-Messung_5_(J)_1327.csv","Prone"
"2021-05-07-13-03-44-Messung_5_(J)_1328.csv","Prone"
"2021-05-07-13-03-45-Messung_5_(J)_1329.csv","Prone"
"2021-05-07-13-03-45-Messung_5_(J)_1330.csv","Prone"
"2021-05-07-13-03-45-Messung_5_(J)_1331.csv","Prone"
"2021-05-07-13-03-45-Messung_5_(J)_1332.csv","Prone"
"2021-05-07-13-03-45-Messung_5_(J)_1333.csv","Prone"
"2021-05-07-13-03-45-Messung_5_(J)_1334.csv","Prone"
"2021-05-07-13-03-45-Messung_5_(J)_1335.csv","Prone"
"2021-05-07-13-03-45-Messung_5_(J)_1336.csv","Prone"
"2021-05-07-13-03-45-Messung_5_(J)_1337.csv","Prone"
"2021-05-07-13-03-45-Messung_5_(J)_1338.csv","Prone"
"2021-05-07-13-03-45-Messung_5_(J)_1339.csv","Prone"
"2021-05-07-13-03-45-Messung_5_(J)_1340.csv","Prone"
"2021-05-07-13-03-45-Messung_5_(J)_1341.csv","Prone"
"2021-05-07-13-03-45-Messung_5_(J)_1342.csv","Prone"
"2021-05-07-13-03-45-Messung_5_(J)_1343.csv","Prone"
"2021-05-07-13-03-45-Messung_5_(J)_1344.csv","Prone"
"2021-05-07-13-03-45-Messung_5_(J)_1345.csv","Prone"
"2021-05-07-13-03-45-Messung_5_(J)_1346.csv","Prone"
"2021-05-07-13-03-46-Messung_5_(J)_1347.csv","Prone"
"2021-05-07-13-03-46-Messung_5_(J)_1348.csv","Prone"
"2021-05-07-13-03-46-Messung_5_(J)_1349.csv","Prone"
"2021-05-07-13-03-46-Messung_5_(J)_1350.csv","Prone"
"2021-05-07-13-03-46-Messung_5_(J)_1351.csv","Prone"
"2021-05-07-13-03-46-Messung_5_(J)_1352.csv","Prone"
"2021-05-07-13-03-46-Messung_5_(J)_1353.csv","Prone"
"2021-05-07-13-03-46-Messung_5_(J)_1354.csv","Prone"
"2021-05-07-13-03-46-Messung_5_(J)_1355.csv","Prone"
"2021-05-07-13-03-46-Messung_5_(J)_1356.csv","Prone"
"2021-05-07-13-03-46-Messung_5_(J)_1357.csv","Prone"
"2021-05-07-13-03-46-Messung_5_(J)_1358.csv","Prone"
"2021-05-07-13-03-46-Messung_5_(J)_1359.csv","Prone"
"2021-05-07-13-03-46-Messung_5_(J)_1360.csv","Prone"
"2021-05-07-13-03-46-Messung_5_(J)_1361.csv","Prone"
"2021-05-07-13-03-46-Messung_5_(J)_1362.csv","Prone"
"2021-05-07-13-03-46-Messung_5_(J)_1363.csv","Prone"
"2021-05-07-13-03-47-Messung_5_(J)_1364.csv","Prone"
"2021-05-07-13-03-47-Messung_5_(J)_1365.csv","Prone"
"2021-05-07-13-03-47-Messung_5_(J)_1366.csv","Prone"
"2021-05-07-13-03-47-Messung_5_(J)_1367.csv","Prone"
"2021-05-07-13-03-47-Messung_5_(J)_1368.csv","Prone"
"2021-05-07-13-03-47-Messung_5_(J)_1369.csv","Prone"
"2021-05-07-13-03-47-Messung_5_(J)_1370.csv","Prone"
"2021-05-07-13-03-47-Messung_5_(J)_1371.csv","Prone"
"2021-05-07-13-03-47-Messung_5_(J)_1372.csv","Prone"
"2021-05-07-13-03-47-Messung_5_(J)_1373.csv","Prone"
"2021-05-07-13-03-47-Messung_5_(J)_1374.csv","Prone"
"2021-05-07-13-03-47-Messung_5_(J)_1375.csv","Prone"
"2021-05-07-13-03-47-Messung_5_(J)_1376.csv","Prone"
"2021-05-07-13-03-47-Messung_5_(J)_1377.csv","Prone"
"2021-05-07-13-03-47-Messung_5_(J)_1378.csv","Prone"
"2021-05-07-13-03-47-Messung_5_(J)_1379.csv","Prone"
"2021-05-07-13-03-47-Messung_5_(J)_1380.csv","Prone"
"2021-05-07-13-03-47-Messung_5_(J)_1381.csv","Prone"
"2021-05-07-13-03-48-Messung_5_(J)_1382.csv","Prone"
"2021-05-07-13-03-48-Messung_5_(J)_1383.csv","Prone"
"2021-05-07-13-03-48-Messung_5_(J)_1384.csv","Prone"
"2021-05-07-13-03-48-Messung_5_(J)_1385.csv","Prone"
"2021-05-07-13-03-48-Messung_5_(J)_1386.csv","Prone"
"2021-05-07-13-03-48-Messung_5_(J)_1387.csv","Prone"
"2021-05-07-13-03-48-Messung_5_(J)_1388.csv","Prone"
"2021-05-07-13-03-48-Messung_5_(J)_1389.csv","Prone"
"2021-05-07-13-03-48-Messung_5_(J)_1390.csv","Prone"
"2021-05-07-13-03-48-Messung_5_(J)_1391.csv","Prone"
"2021-05-07-13-03-48-Messung_5_(J)_1392.csv","Prone"
"2021-05-07-13-03-48-Messung_5_(J)_1393.csv","Prone"
"2021-05-07-13-03-48-Messung_5_(J)_1394.csv","Prone"
"2021-05-07-13-03-48-Messung_5_(J)_1395.csv","Prone"
"2021-05-07-13-03-48-Messung_5_(J)_1396.csv","Prone"
"2021-05-07-13-03-48-Messung_5_(J)_1397.csv","Prone"
"2021-05-07-13-03-48-Messung_5_(J)_1398.csv","Prone"
"2021-05-07-13-03-48-Messung_5_(J)_1399.csv","Prone"
"2021-05-07-13-03-49-Messung_5_(J)_1400.csv","Prone"
"2021-05-07-13-03-49-Messung_5_(J)_1401.csv","Prone"
"2021-05-07-13-03-49-Messung_5_(J)_1402.csv","Prone"
"2021-05-07-13-03-49-Messung_5_(J)_1403.csv","Prone"
"2021-05-07-13-03-49-Messung_5_(J)_1404.csv","Prone"
"2021-05-07-13-03-49-Messung_5_(J)_1405.csv","Changing"
"2021-05-07-13-03-49-Messung_5_(J)_1406.csv","Changing"
"2021-05-07-13-03-49-Messung_5_(J)_1407.csv","Changing"
"2021-05-07-13-03-49-Messung_5_(J)_1408.csv","Changing"
"2021-05-07-13-03-49-Messung_5_(J)_1409.csv","Changing"
"2021-05-07-13-03-49-Messung_5_(J)_1410.csv","Changing"
"2021-05-07-13-03-49-Messung_5_(J)_1411.csv","Changing"
"2021-05-07-13-03-49-Messung_5_(J)_1412.csv","Changing"
"2021-05-07-13-03-49-Messung_5_(J)_1413.csv","Changing"
"2021-05-07-13-03-49-Messung_5_(J)_1414.csv","Changing"
"2021-05-07-13-03-49-Messung_5_(J)_1415.csv","Changing"
"2021-05-07-13-03-49-Messung_5_(J)_1416.csv","Changing"
"2021-05-07-13-03-50-Messung_5_(J)_1417.csv","Changing"
"2021-05-07-13-03-50-Messung_5_(J)_1418.csv","Changing"
"2021-05-07-13-03-50-Messung_5_(J)_1419.csv","Changing"
"2021-05-07-13-03-50-Messung_5_(J)_1420.csv","Changing"
"2021-05-07-13-03-50-Messung_5_(J)_1421.csv","Changing"
"2021-05-07-13-03-50-Messung_5_(J)_1422.csv","Changing"
"2021-05-07-13-03-50-Messung_5_(J)_1423.csv","Changing"
"2021-05-07-13-03-50-Messung_5_(J)_1424.csv","Changing"
"2021-05-07-13-03-50-Messung_5_(J)_1425.csv","Changing"
"2021-05-07-13-03-50-Messung_5_(J)_1426.csv","Changing"
"2021-05-07-13-03-50-Messung_5_(J)_1427.csv","Changing"
"2021-05-07-13-03-50-Messung_5_(J)_1428.csv","Changing"
"2021-05-07-13-03-50-Messung_5_(J)_1429.csv","Changing"
"2021-05-07-13-03-50-Messung_5_(J)_1430.csv","Changing"
"2021-05-07-13-03-50-Messung_5_(J)_1431.csv","Changing"
"2021-05-07-13-03-50-Messung_5_(J)_1432.csv","Changing"
"2021-05-07-13-03-50-Messung_5_(J)_1433.csv","Changing"
"2021-05-07-13-03-50-Messung_5_(J)_1434.csv","Changing"
"2021-05-07-13-03-51-Messung_5_(J)_1435.csv","Changing"
"2021-05-07-13-03-51-Messung_5_(J)_1436.csv","Changing"
"2021-05-07-13-03-51-Messung_5_(J)_1437.csv","Changing"
"2021-05-07-13-03-51-Messung_5_(J)_1438.csv","Changing"
"2021-05-07-13-03-51-Messung_5_(J)_1439.csv","Changing"
"2021-05-07-13-03-51-Messung_5_(J)_1440.csv","Changing"
"2021-05-07-13-03-51-Messung_5_(J)_1441.csv","Changing"
"2021-05-07-13-03-51-Messung_5_(J)_1442.csv","Changing"
"2021-05-07-13-03-51-Messung_5_(J)_1443.csv","Changing"
"2021-05-07-13-03-51-Messung_5_(J)_1444.csv","Changing"
"2021-05-07-13-03-51-Messung_5_(J)_1445.csv","Changing"
"2021-05-07-13-03-51-Messung_5_(J)_1446.csv","Changing"
"2021-05-07-13-03-51-Messung_5_(J)_1447.csv","Changing"
"2021-05-07-13-03-51-Messung_5_(J)_1448.csv","Changing"
"2021-05-07-13-03-51-Messung_5_(J)_1449.csv","Changing"
"2021-05-07-13-03-51-Messung_5_(J)_1450.csv","Changing"
"2021-05-07-13-03-51-Messung_5_(J)_1451.csv","Changing"
"2021-05-07-13-03-51-Messung_5_(J)_1452.csv","Changing"
"2021-05-07-13-03-52-Messung_5_(J)_1453.csv","Changing"
"2021-05-07-13-03-52-Messung_5_(J)_1454.csv","Changing"
"2021-05-07-13-03-52-Messung_5_(J)_1455.csv","Changing"
"2021-05-07-13-03-52-Messung_5_(J)_1456.csv","Changing"
"2021-05-07-13-03-52-Messung_5_(J)_1457.csv","Changing"
"2021-05-07-13-03-52-Messung_5_(J)_1458.csv","Changing"
"2021-05-07-13-03-52-Messung_5_(J)_1459.csv","Changing"
"2021-05-07-13-03-52-Messung_5_(J)_1460.csv","Changing"
"2021-05-07-13-03-52-Messung_5_(J)_1461.csv","Changing"
"2021-05-07-13-03-52-Messung_5_(J)_1462.csv","Changing"
"2021-05-07-13-03-52-Messung_5_(J)_1463.csv","Changing"
"2021-05-07-13-03-52-Messung_5_(J)_1464.csv","Changing"
"2021-05-07-13-03-52-Messung_5_(J)_1465.csv","Changing"
"2021-05-07-13-03-52-Messung_5_(J)_1466.csv","Changing"
"2021-05-07-13-03-52-Messung_5_(J)_1467.csv","Changing"
"2021-05-07-13-03-52-Messung_5_(J)_1468.csv","Changing"
"2021-05-07-13-03-52-Messung_5_(J)_1469.csv","Changing"
"2021-05-07-13-03-53-Messung_5_(J)_1470.csv","Changing"
"2021-05-07-13-03-53-Messung_5_(J)_1471.csv","Changing"
"2021-05-07-13-03-53-Messung_5_(J)_1472.csv","Changing"
"2021-05-07-13-03-53-Messung_5_(J)_1473.csv","Changing"
"2021-05-07-13-03-53-Messung_5_(J)_1474.csv","Changing"
"2021-05-07-13-03-53-Messung_5_(J)_1475.csv","Changing"
"2021-05-07-13-03-53-Messung_5_(J)_1476.csv","Changing"
"2021-05-07-13-03-53-Messung_5_(J)_1477.csv","Changing"
"2021-05-07-13-03-53-Messung_5_(J)_1478.csv","Changing"
"2021-05-07-13-03-53-Messung_5_(J)_1479.csv","Changing"
"2021-05-07-13-03-53-Messung_5_(J)_1480.csv","Changing"
"2021-05-07-13-03-53-Messung_5_(J)_1481.csv","Changing"
"2021-05-07-13-03-53-Messung_5_(J)_1482.csv","Changing"
"2021-05-07-13-03-53-Messung_5_(J)_1483.csv","Changing"
"2021-05-07-13-03-53-Messung_5_(J)_1484.csv","Changing"
"2021-05-07-13-03-53-Messung_5_(J)_1485.csv","Changing"
"2021-05-07-13-03-53-Messung_5_(J)_1486.csv","Changing"
"2021-05-07-13-03-53-Messung_5_(J)_1487.csv","Changing"
"2021-05-07-13-03-54-Messung_5_(J)_1488.csv","Changing"
"2021-05-07-13-03-54-Messung_5_(J)_1489.csv","Changing"
"2021-05-07-13-03-54-Messung_5_(J)_1490.csv","Changing"
"2021-05-07-13-03-54-Messung_5_(J)_1491.csv","Changing"
"2021-05-07-13-03-54-Messung_5_(J)_1492.csv","Changing"
"2021-05-07-13-03-54-Messung_5_(J)_1493.csv","Lateral_Left"
"2021-05-07-13-03-54-Messung_5_(J)_1494.csv","Lateral_Left"
"2021-05-07-13-03-54-Messung_5_(J)_1495.csv","Lateral_Left"
"2021-05-07-13-03-54-Messung_5_(J)_1496.csv","Lateral_Left"
"2021-05-07-13-03-54-Messung_5_(J)_1497.csv","Lateral_Left"
"2021-05-07-13-03-54-Messung_5_(J)_1498.csv","Lateral_Left"
"2021-05-07-13-03-54-Messung_5_(J)_1499.csv","Lateral_Left"
"2021-05-07-13-03-54-Messung_5_(J)_1500.csv","Lateral_Left"
"2021-05-07-13-03-54-Messung_5_(J)_1501.csv","Lateral_Left"
"2021-05-07-13-03-54-Messung_5_(J)_1502.csv","Lateral_Left"
"2021-05-07-13-03-54-Messung_5_(J)_1503.csv","Lateral_Left"
"2021-05-07-13-03-54-Messung_5_(J)_1504.csv","Lateral_Left"
"2021-05-07-13-03-54-Messung_5_(J)_1505.csv","Lateral_Left"
"2021-05-07-13-03-55-Messung_5_(J)_1506.csv","Lateral_Left"
"2021-05-07-13-03-55-Messung_5_(J)_1507.csv","Lateral_Left"
"2021-05-07-13-03-55-Messung_5_(J)_1508.csv","Lateral_Left"
"2021-05-07-13-03-55-Messung_5_(J)_1509.csv","Lateral_Left"
"2021-05-07-13-03-55-Messung_5_(J)_1510.csv","Lateral_Left"
"2021-05-07-13-03-55-Messung_5_(J)_1511.csv","Lateral_Left"
"2021-05-07-13-03-55-Messung_5_(J)_1512.csv","Lateral_Left"
"2021-05-07-13-03-55-Messung_5_(J)_1513.csv","Lateral_Left"
"2021-05-07-13-03-55-Messung_5_(J)_1514.csv","Lateral_Left"
"2021-05-07-13-03-55-Messung_5_(J)_1515.csv","Lateral_Left"
"2021-05-07-13-03-55-Messung_5_(J)_1516.csv","Lateral_Left"
"2021-05-07-13-03-55-Messung_5_(J)_1517.csv","Lateral_Left"
"2021-05-07-13-03-55-Messung_5_(J)_1518.csv","Lateral_Left"
"2021-05-07-13-03-55-Messung_5_(J)_1519.csv","Lateral_Left"
"2021-05-07-13-03-55-Messung_5_(J)_1520.csv","Lateral_Left"
"2021-05-07-13-03-55-Messung_5_(J)_1521.csv","Lateral_Left"
"2021-05-07-13-03-55-Messung_5_(J)_1522.csv","Lateral_Left"
"2021-05-07-13-03-56-Messung_5_(J)_1523.csv","Lateral_Left"
"2021-05-07-13-03-56-Messung_5_(J)_1524.csv","Lateral_Left"
"2021-05-07-13-03-56-Messung_5_(J)_1525.csv","Lateral_Left"
"2021-05-07-13-03-56-Messung_5_(J)_1526.csv","Lateral_Left"
"2021-05-07-13-03-56-Messung_5_(J)_1527.csv","Lateral_Left"
"2021-05-07-13-03-56-Messung_5_(J)_1528.csv","Lateral_Left"
"2021-05-07-13-03-56-Messung_5_(J)_1529.csv","Lateral_Left"
"2021-05-07-13-03-56-Messung_5_(J)_1530.csv","Lateral_Left"
"2021-05-07-13-03-56-Messung_5_(J)_1531.csv","Lateral_Left"
"2021-05-07-13-03-56-Messung_5_(J)_1532.csv","Lateral_Left"
"2021-05-07-13-03-56-Messung_5_(J)_1533.csv","Lateral_Left"
"2021-05-07-13-03-56-Messung_5_(J)_1534.csv","Lateral_Left"
"2021-05-07-13-03-56-Messung_5_(J)_1535.csv","Lateral_Left"
"2021-05-07-13-03-56-Messung_5_(J)_1536.csv","Lateral_Left"
"2021-05-07-13-03-56-Messung_5_(J)_1537.csv","Lateral_Left"
"2021-05-07-13-03-56-Messung_5_(J)_1538.csv","Lateral_Left"
"2021-05-07-13-03-56-Messung_5_(J)_1539.csv","Lateral_Left"
"2021-05-07-13-03-56-Messung_5_(J)_1540.csv","Lateral_Left"
"2021-05-07-13-03-57-Messung_5_(J)_1541.csv","Lateral_Left"
"2021-05-07-13-03-57-Messung_5_(J)_1542.csv","Lateral_Left"
"2021-05-07-13-03-57-Messung_5_(J)_1543.csv","Lateral_Left"
"2021-05-07-13-03-57-Messung_5_(J)_1544.csv","Lateral_Left"
"2021-05-07-13-03-57-Messung_5_(J)_1545.csv","Lateral_Left"
"2021-05-07-13-03-57-Messung_5_(J)_1546.csv","Lateral_Left"
"2021-05-07-13-03-57-Messung_5_(J)_1547.csv","Lateral_Left"
"2021-05-07-13-03-57-Messung_5_(J)_1548.csv","Lateral_Left"
"2021-05-07-13-03-57-Messung_5_(J)_1549.csv","Lateral_Left"
"2021-05-07-13-03-57-Messung_5_(J)_1550.csv","Lateral_Left"
"2021-05-07-13-03-57-Messung_5_(J)_1551.csv","Lateral_Left"
"2021-05-07-13-03-57-Messung_5_(J)_1552.csv","Lateral_Left"
"2021-05-07-13-03-57-Messung_5_(J)_1553.csv","Lateral_Left"
"2021-05-07-13-03-57-Messung_5_(J)_1554.csv","Lateral_Left"
"2021-05-07-13-03-57-Messung_5_(J)_1555.csv","Lateral_Left"
"2021-05-07-13-03-57-Messung_5_(J)_1556.csv","Lateral_Left"
"2021-05-07-13-03-57-Messung_5_(J)_1557.csv","Lateral_Left"
"2021-05-07-13-03-57-Messung_5_(J)_1558.csv","Lateral_Left"
"2021-05-07-13-03-58-Messung_5_(J)_1559.csv","Lateral_Left"
"2021-05-07-13-03-58-Messung_5_(J)_1560.csv","Lateral_Left"
"2021-05-07-13-03-58-Messung_5_(J)_1561.csv","Lateral_Left"
"2021-05-07-13-03-58-Messung_5_(J)_1562.csv","Lateral_Left"
"2021-05-07-13-03-58-Messung_5_(J)_1563.csv","Lateral_Left"
"2021-05-07-13-03-58-Messung_5_(J)_1564.csv","Lateral_Left"
"2021-05-07-13-03-58-Messung_5_(J)_1565.csv","Lateral_Left"
"2021-05-07-13-03-58-Messung_5_(J)_1566.csv","Lateral_Left"
"2021-05-07-13-03-58-Messung_5_(J)_1567.csv","Lateral_Left"
"2021-05-07-13-03-58-Messung_5_(J)_1568.csv","Lateral_Left"
"2021-05-07-13-03-58-Messung_5_(J)_1569.csv","Lateral_Left"
"2021-05-07-13-03-58-Messung_5_(J)_1570.csv","Lateral_Left"
"2021-05-07-13-03-58-Messung_5_(J)_1571.csv","Lateral_Left"
"2021-05-07-13-03-58-Messung_5_(J)_1572.csv","Lateral_Left"
"2021-05-07-13-03-58-Messung_5_(J)_1573.csv","Lateral_Left"
"2021-05-07-13-03-58-Messung_5_(J)_1574.csv","Lateral_Left"
"2021-05-07-13-03-58-Messung_5_(J)_1575.csv","Lateral_Left"
"2021-05-07-13-03-59-Messung_5_(J)_1576.csv","Lateral_Left"
"2021-05-07-13-03-59-Messung_5_(J)_1577.csv","Lateral_Left"
"2021-05-07-13-03-59-Messung_5_(J)_1578.csv","Lateral_Left"
"2021-05-07-13-03-59-Messung_5_(J)_1579.csv","Lateral_Left"
"2021-05-07-13-03-59-Messung_5_(J)_1580.csv","Lateral_Left"
"2021-05-07-13-03-59-Messung_5_(J)_1581.csv","Lateral_Left"
"2021-05-07-13-03-59-Messung_5_(J)_1582.csv","Lateral_Left"
"2021-05-07-13-03-59-Messung_5_(J)_1583.csv","Lateral_Left"
"2021-05-07-13-03-59-Messung_5_(J)_1584.csv","Lateral_Left"
"2021-05-07-13-03-59-Messung_5_(J)_1585.csv","Lateral_Left"
"2021-05-07-13-03-59-Messung_5_(J)_1586.csv","Lateral_Left"
"2021-05-07-13-03-59-Messung_5_(J)_1587.csv","Lateral_Left"
"2021-05-07-13-03-59-Messung_5_(J)_1588.csv","Lateral_Left"
"2021-05-07-13-03-59-Messung_5_(J)_1589.csv","Lateral_Left"
"2021-05-07-13-03-59-Messung_5_(J)_1590.csv","Lateral_Left"
"2021-05-07-13-03-59-Messung_5_(J)_1591.csv","Lateral_Left"
"2021-05-07-13-03-59-Messung_5_(J)_1592.csv","Lateral_Left"
"2021-05-07-13-03-59-Messung_5_(J)_1593.csv","Lateral_Left"
"2021-05-07-13-04-00-Messung_5_(J)_1594.csv","Lateral_Left"
"2021-05-07-13-04-00-Messung_5_(J)_1595.csv","Lateral_Left"
"2021-05-07-13-04-00-Messung_5_(J)_1596.csv","Lateral_Left"
"2021-05-07-13-04-00-Messung_5_(J)_1597.csv","Lateral_Left"
"2021-05-07-13-04-00-Messung_5_(J)_1598.csv","Lateral_Left"
"2021-05-07-13-04-00-Messung_5_(J)_1599.csv","Lateral_Left"
"2021-05-07-13-04-00-Messung_5_(J)_1600.csv","Lateral_Left"
"2021-05-07-13-04-00-Messung_5_(J)_1601.csv","Lateral_Left"
"2021-05-07-13-04-00-Messung_5_(J)_1602.csv","Lateral_Left"
"2021-05-07-13-04-00-Messung_5_(J)_1603.csv","Lateral_Left"
"2021-05-07-13-04-00-Messung_5_(J)_1604.csv","Lateral_Left"
"2021-05-07-13-04-00-Messung_5_(J)_1605.csv","Lateral_Left"
"2021-05-07-13-04-00-Messung_5_(J)_1606.csv","Lateral_Left"
"2021-05-07-13-04-00-Messung_5_(J)_1607.csv","Lateral_Left"
"2021-05-07-13-04-00-Messung_5_(J)_1608.csv","Lateral_Left"
"2021-05-07-13-04-00-Messung_5_(J)_1609.csv","Lateral_Left"
"2021-05-07-13-04-00-Messung_5_(J)_1610.csv","Lateral_Left"
"2021-05-07-13-04-00-Messung_5_(J)_1611.csv","Lateral_Left"
"2021-05-07-13-04-01-Messung_5_(J)_1612.csv","Lateral_Left"
"2021-05-07-13-04-01-Messung_5_(J)_1613.csv","Lateral_Left"
"2021-05-07-13-04-01-Messung_5_(J)_1614.csv","Lateral_Left"
"2021-05-07-13-04-01-Messung_5_(J)_1615.csv","Lateral_Left"
"2021-05-07-13-04-01-Messung_5_(J)_1616.csv","Lateral_Left"
"2021-05-07-13-04-01-Messung_5_(J)_1617.csv","Lateral_Left"
"2021-05-07-13-04-01-Messung_5_(J)_1618.csv","Lateral_Left"
"2021-05-07-13-04-01-Messung_5_(J)_1619.csv","Lateral_Left"
"2021-05-07-13-04-01-Messung_5_(J)_1620.csv","Lateral_Left"
"2021-05-07-13-04-01-Messung_5_(J)_1621.csv","Lateral_Left"
"2021-05-07-13-04-01-Messung_5_(J)_1622.csv","Lateral_Left"
"2021-05-07-13-04-01-Messung_5_(J)_1623.csv","Lateral_Left"
"2021-05-07-13-04-01-Messung_5_(J)_1624.csv","Lateral_Left"
"2021-05-07-13-04-01-Messung_5_(J)_1625.csv","Lateral_Left"
"2021-05-07-13-04-01-Messung_5_(J)_1626.csv","Lateral_Left"
"2021-05-07-13-04-01-Messung_5_(J)_1627.csv","Lateral_Left"
"2021-05-07-13-04-01-Messung_5_(J)_1628.csv","Lateral_Left"
"2021-05-07-13-04-02-Messung_5_(J)_1629.csv","Lateral_Left"
"2021-05-07-13-04-02-Messung_5_(J)_1630.csv","Lateral_Left"
"2021-05-07-13-04-02-Messung_5_(J)_1631.csv","Lateral_Left"
"2021-05-07-13-04-02-Messung_5_(J)_1632.csv","Lateral_Left"
"2021-05-07-13-04-02-Messung_5_(J)_1633.csv","Lateral_Left"
"2021-05-07-13-04-02-Messung_5_(J)_1634.csv","Lateral_Left"
"2021-05-07-13-04-02-Messung_5_(J)_1635.csv","Lateral_Left"
"2021-05-07-13-04-02-Messung_5_(J)_1636.csv","Lateral_Left"
"2021-05-07-13-04-02-Messung_5_(J)_1637.csv","Lateral_Left"
"2021-05-07-13-04-02-Messung_5_(J)_1638.csv","Lateral_Left"
"2021-05-07-13-04-02-Messung_5_(J)_1639.csv","Lateral_Left"
"2021-05-07-13-04-02-Messung_5_(J)_1640.csv","Lateral_Left"
"2021-05-07-13-04-02-Messung_5_(J)_1641.csv","Lateral_Left"
"2021-05-07-13-04-02-Messung_5_(J)_1642.csv","Lateral_Left"
"2021-05-07-13-04-02-Messung_5_(J)_1643.csv","Lateral_Left"
"2021-05-07-13-04-02-Messung_5_(J)_1644.csv","Lateral_Left"
"2021-05-07-13-04-02-Messung_5_(J)_1645.csv","Lateral_Left"
"2021-05-07-13-04-02-Messung_5_(J)_1646.csv","Lateral_Left"
"2021-05-07-13-04-03-Messung_5_(J)_1647.csv","Lateral_Left"
"2021-05-07-13-04-03-Messung_5_(J)_1648.csv","Lateral_Left"
"2021-05-07-13-04-03-Messung_5_(J)_1649.csv","Lateral_Left"
"2021-05-07-13-04-03-Messung_5_(J)_1650.csv","Lateral_Left"
"2021-05-07-13-04-03-Messung_5_(J)_1651.csv","Lateral_Left"
"2021-05-07-13-04-03-Messung_5_(J)_1652.csv","Lateral_Left"
"2021-05-07-13-04-03-Messung_5_(J)_1653.csv","Lateral_Left"
"2021-05-07-13-04-03-Messung_5_(J)_1654.csv","Lateral_Left"
"2021-05-07-13-04-03-Messung_5_(J)_1655.csv","Lateral_Left"
"2021-05-07-13-04-03-Messung_5_(J)_1656.csv","Lateral_Left"
"2021-05-07-13-04-03-Messung_5_(J)_1657.csv","Lateral_Left"
"2021-05-07-13-04-03-Messung_5_(J)_1658.csv","Lateral_Left"
"2021-05-07-13-04-03-Messung_5_(J)_1659.csv","Lateral_Left"
"2021-05-07-13-04-03-Messung_5_(J)_1660.csv","Lateral_Left"
"2021-05-07-13-04-03-Messung_5_(J)_1661.csv","Lateral_Left"
"2021-05-07-13-04-03-Messung_5_(J)_1662.csv","Lateral_Left"
"2021-05-07-13-04-03-Messung_5_(J)_1663.csv","Lateral_Left"
"2021-05-07-13-04-03-Messung_5_(J)_1664.csv","Lateral_Left"
"2021-05-07-13-04-04-Messung_5_(J)_1665.csv","Lateral_Left"
"2021-05-07-13-04-04-Messung_5_(J)_1666.csv","Lateral_Left"
"2021-05-07-13-04-04-Messung_5_(J)_1667.csv","Lateral_Left"
"2021-05-07-13-04-04-Messung_5_(J)_1668.csv","Lateral_Left"
"2021-05-07-13-04-04-Messung_5_(J)_1669.csv","Lateral_Left"
"2021-05-07-13-04-04-Messung_5_(J)_1670.csv","Lateral_Left"
"2021-05-07-13-04-04-Messung_5_(J)_1671.csv","Lateral_Left"
"2021-05-07-13-04-04-Messung_5_(J)_1672.csv","Lateral_Left"
"2021-05-07-13-04-04-Messung_5_(J)_1673.csv","Lateral_Left"
"2021-05-07-13-04-04-Messung_5_(J)_1674.csv","Lateral_Left"
"2021-05-07-13-04-04-Messung_5_(J)_1675.csv","Lateral_Left"
"2021-05-07-13-04-04-Messung_5_(J)_1676.csv","Lateral_Left"
"2021-05-07-13-04-04-Messung_5_(J)_1677.csv","Lateral_Left"
"2021-05-07-13-04-04-Messung_5_(J)_1678.csv","Lateral_Left"
"2021-05-07-13-04-04-Messung_5_(J)_1679.csv","Lateral_Left"
"2021-05-07-13-04-04-Messung_5_(J)_1680.csv","Lateral_Left"
"2021-05-07-13-04-04-Messung_5_(J)_1681.csv","Lateral_Left"
"2021-05-07-13-04-05-Messung_5_(J)_1682.csv","Lateral_Left"
"2021-05-07-13-04-05-Messung_5_(J)_1683.csv","Lateral_Left"
"2021-05-07-13-04-05-Messung_5_(J)_1684.csv","Lateral_Left"
"2021-05-07-13-04-05-Messung_5_(J)_1685.csv","Lateral_Left"
"2021-05-07-13-04-05-Messung_5_(J)_1686.csv","Lateral_Left"
"2021-05-07-13-04-05-Messung_5_(J)_1687.csv","Lateral_Left"
"2021-05-07-13-04-05-Messung_5_(J)_1688.csv","Lateral_Left"
"2021-05-07-13-04-05-Messung_5_(J)_1689.csv","Lateral_Left"
"2021-05-07-13-04-05-Messung_5_(J)_1690.csv","Lateral_Left"
"2021-05-07-13-04-05-Messung_5_(J)_1691.csv","Lateral_Left"
"2021-05-07-13-04-05-Messung_5_(J)_1692.csv","Lateral_Left"
"2021-05-07-13-04-05-Messung_5_(J)_1693.csv","Lateral_Left"
"2021-05-07-13-04-05-Messung_5_(J)_1694.csv","Lateral_Left"
"2021-05-07-13-04-05-Messung_5_(J)_1695.csv","Lateral_Left"
"2021-05-07-13-04-05-Messung_5_(J)_1696.csv","Lateral_Left"
"2021-05-07-13-04-05-Messung_5_(J)_1697.csv","Lateral_Left"
"2021-05-07-13-04-05-Messung_5_(J)_1698.csv","Lateral_Left"
"2021-05-07-13-04-05-Messung_5_(J)_1699.csv","Lateral_Left"
"2021-05-07-13-04-06-Messung_5_(J)_1700.csv","Lateral_Left"
"2021-05-07-13-04-06-Messung_5_(J)_1701.csv","Lateral_Left"
"2021-05-07-13-04-06-Messung_5_(J)_1702.csv","Lateral_Left"
"2021-05-07-13-04-06-Messung_5_(J)_1703.csv","Lateral_Left"
"2021-05-07-13-04-06-Messung_5_(J)_1704.csv","Lateral_Left"
"2021-05-07-13-04-06-Messung_5_(J)_1705.csv","Lateral_Left"
"2021-05-07-13-04-06-Messung_5_(J)_1706.csv","Changing"
"2021-05-07-13-04-06-Messung_5_(J)_1707.csv","Changing"
"2021-05-07-13-04-06-Messung_5_(J)_1708.csv","Changing"
"2021-05-07-13-04-06-Messung_5_(J)_1709.csv","Changing"
"2021-05-07-13-04-06-Messung_5_(J)_1710.csv","Changing"
"2021-05-07-13-04-06-Messung_5_(J)_1711.csv","Changing"
"2021-05-07-13-04-06-Messung_5_(J)_1712.csv","Changing"
"2021-05-07-13-04-06-Messung_5_(J)_1713.csv","Changing"
"2021-05-07-13-04-06-Messung_5_(J)_1714.csv","Changing"
"2021-05-07-13-04-06-Messung_5_(J)_1715.csv","Changing"
"2021-05-07-13-04-06-Messung_5_(J)_1716.csv","Changing"
"2021-05-07-13-04-06-Messung_5_(J)_1717.csv","Changing"
"2021-05-07-13-04-07-Messung_5_(J)_1718.csv","Changing"
"2021-05-07-13-04-07-Messung_5_(J)_1719.csv","Changing"
"2021-05-07-13-04-07-Messung_5_(J)_1720.csv","Changing"
"2021-05-07-13-04-07-Messung_5_(J)_1721.csv","Changing"
"2021-05-07-13-04-07-Messung_5_(J)_1722.csv","Changing"
"2021-05-07-13-04-07-Messung_5_(J)_1723.csv","Changing"
"2021-05-07-13-04-07-Messung_5_(J)_1724.csv","Changing"
"2021-05-07-13-04-07-Messung_5_(J)_1725.csv","Changing"
"2021-05-07-13-04-07-Messung_5_(J)_1726.csv","Changing"
"2021-05-07-13-04-07-Messung_5_(J)_1727.csv","Changing"
"2021-05-07-13-04-07-Messung_5_(J)_1728.csv","Changing"
"2021-05-07-13-04-07-Messung_5_(J)_1729.csv","Changing"
"2021-05-07-13-04-07-Messung_5_(J)_1730.csv","Changing"
"2021-05-07-13-04-07-Messung_5_(J)_1731.csv","Changing"
"2021-05-07-13-04-07-Messung_5_(J)_1732.csv","Changing"
"2021-05-07-13-04-07-Messung_5_(J)_1733.csv","Changing"
"2021-05-07-13-04-07-Messung_5_(J)_1734.csv","Changing"
"2021-05-07-13-04-08-Messung_5_(J)_1735.csv","Changing"
"2021-05-07-13-04-08-Messung_5_(J)_1736.csv","Changing"
"2021-05-07-13-04-08-Messung_5_(J)_1737.csv","Changing"
"2021-05-07-13-04-08-Messung_5_(J)_1738.csv","Changing"
"2021-05-07-13-04-08-Messung_5_(J)_1739.csv","Changing"
"2021-05-07-13-04-08-Messung_5_(J)_1740.csv","Changing"
"2021-05-07-13-04-08-Messung_5_(J)_1741.csv","Changing"
"2021-05-07-13-04-08-Messung_5_(J)_1742.csv","Changing"
"2021-05-07-13-04-08-Messung_5_(J)_1743.csv","Changing"
"2021-05-07-13-04-08-Messung_5_(J)_1744.csv","Changing"
"2021-05-07-13-04-08-Messung_5_(J)_1745.csv","Changing"
"2021-05-07-13-04-08-Messung_5_(J)_1746.csv","Changing"
"2021-05-07-13-04-08-Messung_5_(J)_1747.csv","Changing"
"2021-05-07-13-04-08-Messung_5_(J)_1748.csv","Changing"
"2021-05-07-13-04-08-Messung_5_(J)_1749.csv","Changing"
"2021-05-07-13-04-08-Messung_5_(J)_1750.csv","Changing"
"2021-05-07-13-04-08-Messung_5_(J)_1751.csv","Changing"
"2021-05-07-13-04-08-Messung_5_(J)_1752.csv","Changing"
"2021-05-07-13-04-09-Messung_5_(J)_1753.csv","Changing"
"2021-05-07-13-04-09-Messung_5_(J)_1754.csv","Changing"
"2021-05-07-13-04-09-Messung_5_(J)_1755.csv","Changing"
"2021-05-07-13-04-09-Messung_5_(J)_1756.csv","Changing"
"2021-05-07-13-04-09-Messung_5_(J)_1757.csv","Lateral_Right"
"2021-05-07-13-04-09-Messung_5_(J)_1758.csv","Lateral_Right"
"2021-05-07-13-04-09-Messung_5_(J)_1759.csv","Lateral_Right"
"2021-05-07-13-04-09-Messung_5_(J)_1760.csv","Lateral_Right"
"2021-05-07-13-04-09-Messung_5_(J)_1761.csv","Lateral_Right"
"2021-05-07-13-04-09-Messung_5_(J)_1762.csv","Lateral_Right"
"2021-05-07-13-04-09-Messung_5_(J)_1763.csv","Lateral_Right"
"2021-05-07-13-04-09-Messung_5_(J)_1764.csv","Lateral_Right"
"2021-05-07-13-04-09-Messung_5_(J)_1765.csv","Lateral_Right"
"2021-05-07-13-04-09-Messung_5_(J)_1766.csv","Lateral_Right"
"2021-05-07-13-04-09-Messung_5_(J)_1767.csv","Lateral_Right"
"2021-05-07-13-04-09-Messung_5_(J)_1768.csv","Lateral_Right"
"2021-05-07-13-04-09-Messung_5_(J)_1769.csv","Lateral_Right"
"2021-05-07-13-04-09-Messung_5_(J)_1770.csv","Lateral_Right"
"2021-05-07-13-04-10-Messung_5_(J)_1771.csv","Lateral_Right"
"2021-05-07-13-04-10-Messung_5_(J)_1772.csv","Lateral_Right"
"2021-05-07-13-04-10-Messung_5_(J)_1773.csv","Lateral_Right"
"2021-05-07-13-04-10-Messung_5_(J)_1774.csv","Lateral_Right"
"2021-05-07-13-04-10-Messung_5_(J)_1775.csv","Lateral_Right"
"2021-05-07-13-04-10-Messung_5_(J)_1776.csv","Lateral_Right"
"2021-05-07-13-04-10-Messung_5_(J)_1777.csv","Lateral_Right"
"2021-05-07-13-04-10-Messung_5_(J)_1778.csv","Lateral_Right"
"2021-05-07-13-04-10-Messung_5_(J)_1779.csv","Lateral_Right"
"2021-05-07-13-04-10-Messung_5_(J)_1780.csv","Lateral_Right"
"2021-05-07-13-04-10-Messung_5_(J)_1781.csv","Lateral_Right"
"2021-05-07-13-04-10-Messung_5_(J)_1782.csv","Lateral_Right"
"2021-05-07-13-04-10-Messung_5_(J)_1783.csv","Lateral_Right"
"2021-05-07-13-04-10-Messung_5_(J)_1784.csv","Lateral_Right"
"2021-05-07-13-04-10-Messung_5_(J)_1785.csv","Lateral_Right"
"2021-05-07-13-04-10-Messung_5_(J)_1786.csv","Lateral_Right"
"2021-05-07-13-04-10-Messung_5_(J)_1787.csv","Lateral_Right"
"2021-05-07-13-04-11-Messung_5_(J)_1788.csv","Lateral_Right"
"2021-05-07-13-04-11-Messung_5_(J)_1789.csv","Lateral_Right"
"2021-05-07-13-04-11-Messung_5_(J)_1790.csv","Lateral_Right"
"2021-05-07-13-04-11-Messung_5_(J)_1791.csv","Lateral_Right"
"2021-05-07-13-04-11-Messung_5_(J)_1792.csv","Lateral_Right"
"2021-05-07-13-04-11-Messung_5_(J)_1793.csv","Lateral_Right"
"2021-05-07-13-04-11-Messung_5_(J)_1794.csv","Lateral_Right"
"2021-05-07-13-04-11-Messung_5_(J)_1795.csv","Lateral_Right"
"2021-05-07-13-04-11-Messung_5_(J)_1796.csv","Lateral_Right"
"2021-05-07-13-04-11-Messung_5_(J)_1797.csv","Lateral_Right"
"2021-05-07-13-04-11-Messung_5_(J)_1798.csv","Lateral_Right"
"2021-05-07-13-04-11-Messung_5_(J)_1799.csv","Lateral_Right"
"2021-05-07-13-04-11-Messung_5_(J)_1800.csv","Lateral_Right"
"2021-05-07-13-04-11-Messung_5_(J)_1801.csv","Lateral_Right"
"2021-05-07-13-04-11-Messung_5_(J)_1802.csv","Lateral_Right"
"2021-05-07-13-04-11-Messung_5_(J)_1803.csv","Lateral_Right"
"2021-05-07-13-04-11-Messung_5_(J)_1804.csv","Lateral_Right"
"2021-05-07-13-04-11-Messung_5_(J)_1805.csv","Lateral_Right"
"2021-05-07-13-04-12-Messung_5_(J)_1806.csv","Lateral_Right"
"2021-05-07-13-04-12-Messung_5_(J)_1807.csv","Lateral_Right"
"2021-05-07-13-04-12-Messung_5_(J)_1808.csv","Lateral_Right"
"2021-05-07-13-04-12-Messung_5_(J)_1809.csv","Lateral_Right"
"2021-05-07-13-04-12-Messung_5_(J)_1810.csv","Lateral_Right"
"2021-05-07-13-04-12-Messung_5_(J)_1811.csv","Lateral_Right"
"2021-05-07-13-04-12-Messung_5_(J)_1812.csv","Lateral_Right"
"2021-05-07-13-04-12-Messung_5_(J)_1813.csv","Lateral_Right"
"2021-05-07-13-04-12-Messung_5_(J)_1814.csv","Lateral_Right"
"2021-05-07-13-04-12-Messung_5_(J)_1815.csv","Lateral_Right"
"2021-05-07-13-04-12-Messung_5_(J)_1816.csv","Lateral_Right"
"2021-05-07-13-04-12-Messung_5_(J)_1817.csv","Lateral_Right"
"2021-05-07-13-04-12-Messung_5_(J)_1818.csv","Lateral_Right"
"2021-05-07-13-04-12-Messung_5_(J)_1819.csv","Lateral_Right"
"2021-05-07-13-04-12-Messung_5_(J)_1820.csv","Lateral_Right"
"2021-05-07-13-04-12-Messung_5_(J)_1821.csv","Lateral_Right"
"2021-05-07-13-04-12-Messung_5_(J)_1822.csv","Lateral_Right"
"2021-05-07-13-04-12-Messung_5_(J)_1823.csv","Lateral_Right"
"2021-05-07-13-04-13-Messung_5_(J)_1824.csv","Lateral_Right"
"2021-05-07-13-04-13-Messung_5_(J)_1825.csv","Lateral_Right"
"2021-05-07-13-04-13-Messung_5_(J)_1826.csv","Lateral_Right"
"2021-05-07-13-04-13-Messung_5_(J)_1827.csv","Lateral_Right"
"2021-05-07-13-04-13-Messung_5_(J)_1828.csv","Lateral_Right"
"2021-05-07-13-04-13-Messung_5_(J)_1829.csv","Lateral_Right"
"2021-05-07-13-04-13-Messung_5_(J)_1830.csv","Lateral_Right"
"2021-05-07-13-04-13-Messung_5_(J)_1831.csv","Lateral_Right"
"2021-05-07-13-04-13-Messung_5_(J)_1832.csv","Lateral_Right"
"2021-05-07-13-04-13-Messung_5_(J)_1833.csv","Lateral_Right"
"2021-05-07-13-04-13-Messung_5_(J)_1834.csv","Lateral_Right"
"2021-05-07-13-04-13-Messung_5_(J)_1835.csv","Lateral_Right"
"2021-05-07-13-04-13-Messung_5_(J)_1836.csv","Lateral_Right"
"2021-05-07-13-04-13-Messung_5_(J)_1837.csv","Lateral_Right"
"2021-05-07-13-04-13-Messung_5_(J)_1838.csv","Lateral_Right"
"2021-05-07-13-04-13-Messung_5_(J)_1839.csv","Lateral_Right"
"2021-05-07-13-04-13-Messung_5_(J)_1840.csv","Lateral_Right"
"2021-05-07-13-04-13-Messung_5_(J)_1841.csv","Lateral_Right"
"2021-05-07-13-04-14-Messung_5_(J)_1842.csv","Lateral_Right"
"2021-05-07-13-04-14-Messung_5_(J)_1843.csv","Lateral_Right"
"2021-05-07-13-04-14-Messung_5_(J)_1844.csv","Lateral_Right"
"2021-05-07-13-04-14-Messung_5_(J)_1845.csv","Lateral_Right"
"2021-05-07-13-04-14-Messung_5_(J)_1846.csv","Lateral_Right"
"2021-05-07-13-04-14-Messung_5_(J)_1847.csv","Lateral_Right"
"2021-05-07-13-04-14-Messung_5_(J)_1848.csv","Lateral_Right"
"2021-05-07-13-04-14-Messung_5_(J)_1849.csv","Lateral_Right"
"2021-05-07-13-04-14-Messung_5_(J)_1850.csv","Lateral_Right"
"2021-05-07-13-04-14-Messung_5_(J)_1851.csv","Lateral_Right"
"2021-05-07-13-04-14-Messung_5_(J)_1852.csv","Lateral_Right"
"2021-05-07-13-04-14-Messung_5_(J)_1853.csv","Lateral_Right"
"2021-05-07-13-04-14-Messung_5_(J)_1854.csv","Lateral_Right"
"2021-05-07-13-04-14-Messung_5_(J)_1855.csv","Lateral_Right"
"2021-05-07-13-04-14-Messung_5_(J)_1856.csv","Lateral_Right"
"2021-05-07-13-04-14-Messung_5_(J)_1857.csv","Lateral_Right"
"2021-05-07-13-04-14-Messung_5_(J)_1858.csv","Lateral_Right"
"2021-05-07-13-04-15-Messung_5_(J)_1859.csv","Lateral_Right"
"2021-05-07-13-04-15-Messung_5_(J)_1860.csv","Lateral_Right"
"2021-05-07-13-04-15-Messung_5_(J)_1861.csv","Lateral_Right"
"2021-05-07-13-04-15-Messung_5_(J)_1862.csv","Lateral_Right"
"2021-05-07-13-04-15-Messung_5_(J)_1863.csv","Lateral_Right"
"2021-05-07-13-04-15-Messung_5_(J)_1864.csv","Lateral_Right"
"2021-05-07-13-04-15-Messung_5_(J)_1865.csv","Lateral_Right"
"2021-05-07-13-04-15-Messung_5_(J)_1866.csv","Lateral_Right"
"2021-05-07-13-04-15-Messung_5_(J)_1867.csv","Lateral_Right"
"2021-05-07-13-04-15-Messung_5_(J)_1868.csv","Lateral_Right"
"2021-05-07-13-04-15-Messung_5_(J)_1869.csv","Lateral_Right"
"2021-05-07-13-04-15-Messung_5_(J)_1870.csv","Lateral_Right"
"2021-05-07-13-04-15-Messung_5_(J)_1871.csv","Lateral_Right"
"2021-05-07-13-04-15-Messung_5_(J)_1872.csv","Lateral_Right"
"2021-05-07-13-04-15-Messung_5_(J)_1873.csv","Lateral_Right"
"2021-05-07-13-04-15-Messung_5_(J)_1874.csv","Lateral_Right"
"2021-05-07-13-04-15-Messung_5_(J)_1875.csv","Lateral_Right"
"2021-05-07-13-04-15-Messung_5_(J)_1876.csv","Lateral_Right"
"2021-05-07-13-04-16-Messung_5_(J)_1877.csv","Lateral_Right"
"2021-05-07-13-04-16-Messung_5_(J)_1878.csv","Lateral_Right"
"2021-05-07-13-04-16-Messung_5_(J)_1879.csv","Lateral_Right"
"2021-05-07-13-04-16-Messung_5_(J)_1880.csv","Lateral_Right"
"2021-05-07-13-04-16-Messung_5_(J)_1881.csv","Lateral_Right"
"2021-05-07-13-04-16-Messung_5_(J)_1882.csv","Lateral_Right"
"2021-05-07-13-04-16-Messung_5_(J)_1883.csv","Lateral_Right"
"2021-05-07-13-04-16-Messung_5_(J)_1884.csv","Lateral_Right"
"2021-05-07-13-04-16-Messung_5_(J)_1885.csv","Lateral_Right"
"2021-05-07-13-04-16-Messung_5_(J)_1886.csv","Lateral_Right"
"2021-05-07-13-04-16-Messung_5_(J)_1887.csv","Lateral_Right"
"2021-05-07-13-04-16-Messung_5_(J)_1888.csv","Lateral_Right"
"2021-05-07-13-04-16-Messung_5_(J)_1889.csv","Lateral_Right"
"2021-05-07-13-04-16-Messung_5_(J)_1890.csv","Lateral_Right"
"2021-05-07-13-04-16-Messung_5_(J)_1891.csv","Lateral_Right"
"2021-05-07-13-04-16-Messung_5_(J)_1892.csv","Lateral_Right"
"2021-05-07-13-04-16-Messung_5_(J)_1893.csv","Lateral_Right"
"2021-05-07-13-04-16-Messung_5_(J)_1894.csv","Lateral_Right"
"2021-05-07-13-04-17-Messung_5_(J)_1895.csv","Lateral_Right"
"2021-05-07-13-04-17-Messung_5_(J)_1896.csv","Lateral_Right"
"2021-05-07-13-04-17-Messung_5_(J)_1897.csv","Lateral_Right"
"2021-05-07-13-04-17-Messung_5_(J)_1898.csv","Lateral_Right"
"2021-05-07-13-04-17-Messung_5_(J)_1899.csv","Lateral_Right"
"2021-05-07-13-04-17-Messung_5_(J)_1900.csv","Lateral_Right"
"2021-05-07-13-04-17-Messung_5_(J)_1901.csv","Lateral_Right"
"2021-05-07-13-04-17-Messung_5_(J)_1902.csv","Lateral_Right"
"2021-05-07-13-04-17-Messung_5_(J)_1903.csv","Lateral_Right"
"2021-05-07-13-04-17-Messung_5_(J)_1904.csv","Lateral_Right"
"2021-05-07-13-04-17-Messung_5_(J)_1905.csv","Lateral_Right"
"2021-05-07-13-04-17-Messung_5_(J)_1906.csv","Lateral_Right"
"2021-05-07-13-04-17-Messung_5_(J)_1907.csv","Lateral_Right"
"2021-05-07-13-04-17-Messung_5_(J)_1908.csv","Lateral_Right"
"2021-05-07-13-04-17-Messung_5_(J)_1909.csv","Lateral_Right"
"2021-05-07-13-04-17-Messung_5_(J)_1910.csv","Lateral_Right"
"2021-05-07-13-04-17-Messung_5_(J)_1911.csv","Lateral_Right"
"2021-05-07-13-04-18-Messung_5_(J)_1912.csv","Lateral_Right"
"2021-05-07-13-04-18-Messung_5_(J)_1913.csv","Lateral_Right"
"2021-05-07-13-04-18-Messung_5_(J)_1914.csv","Lateral_Right"
"2021-05-07-13-04-18-Messung_5_(J)_1915.csv","Lateral_Right"
"2021-05-07-13-04-18-Messung_5_(J)_1916.csv","Lateral_Right"
"2021-05-07-13-04-18-Messung_5_(J)_1917.csv","Lateral_Right"
"2021-05-07-13-04-18-Messung_5_(J)_1918.csv","Lateral_Right"
"2021-05-07-13-04-18-Messung_5_(J)_1919.csv","Lateral_Right"
"2021-05-07-13-04-18-Messung_5_(J)_1920.csv","Lateral_Right"
"2021-05-07-13-04-18-Messung_5_(J)_1921.csv","Lateral_Right"
"2021-05-07-13-04-18-Messung_5_(J)_1922.csv","Lateral_Right"
"2021-05-07-13-04-18-Messung_5_(J)_1923.csv","Lateral_Right"
"2021-05-07-13-04-18-Messung_5_(J)_1924.csv","Lateral_Right"
"2021-05-07-13-04-18-Messung_5_(J)_1925.csv","Lateral_Right"
"2021-05-07-13-04-18-Messung_5_(J)_1926.csv","Lateral_Right"
"2021-05-07-13-04-18-Messung_5_(J)_1927.csv","Lateral_Right"
"2021-05-07-13-04-18-Messung_5_(J)_1928.csv","Lateral_Right"
"2021-05-07-13-04-18-Messung_5_(J)_1929.csv","Lateral_Right"
"2021-05-07-13-04-19-Messung_5_(J)_1930.csv","Lateral_Right"
"2021-05-07-13-04-19-Messung_5_(J)_1931.csv","Lateral_Right"
"2021-05-07-13-04-19-Messung_5_(J)_1932.csv","Lateral_Right"
"2021-05-07-13-04-19-Messung_5_(J)_1933.csv","Lateral_Right"
"2021-05-07-13-04-19-Messung_5_(J)_1934.csv","Lateral_Right"
"2021-05-07-13-04-19-Messung_5_(J)_1935.csv","Lateral_Right"
"2021-05-07-13-04-19-Messung_5_(J)_1936.csv","Lateral_Right"
"2021-05-07-13-04-19-Messung_5_(J)_1937.csv","Lateral_Right"
"2021-05-07-13-04-19-Messung_5_(J)_1938.csv","Lateral_Right"
"2021-05-07-13-04-19-Messung_5_(J)_1939.csv","Changing"
"2021-05-07-13-04-19-Messung_5_(J)_1940.csv","Changing"
"2021-05-07-13-04-19-Messung_5_(J)_1941.csv","Changing"
"2021-05-07-13-04-19-Messung_5_(J)_1942.csv","Changing"
"2021-05-07-13-04-19-Messung_5_(J)_1943.csv","Changing"
"2021-05-07-13-04-19-Messung_5_(J)_1944.csv","Changing"
"2021-05-07-13-04-19-Messung_5_(J)_1945.csv","Changing"
"2021-05-07-13-04-19-Messung_5_(J)_1946.csv","Changing"
"2021-05-07-13-04-19-Messung_5_(J)_1947.csv","Changing"
"2021-05-07-13-04-20-Messung_5_(J)_1948.csv","Changing"
"2021-05-07-13-04-20-Messung_5_(J)_1949.csv","Changing"
"2021-05-07-13-04-20-Messung_5_(J)_1950.csv","Changing"
"2021-05-07-13-04-20-Messung_5_(J)_1951.csv","Changing"
"2021-05-07-13-04-20-Messung_5_(J)_1952.csv","Changing"
"2021-05-07-13-04-20-Messung_5_(J)_1953.csv","Changing"
"2021-05-07-13-04-20-Messung_5_(J)_1954.csv","Changing"
"2021-05-07-13-04-20-Messung_5_(J)_1955.csv","Changing"
"2021-05-07-13-04-20-Messung_5_(J)_1956.csv","Lateral_Right"
"2021-05-07-13-04-20-Messung_5_(J)_1957.csv","Lateral_Right"
"2021-05-07-13-04-20-Messung_5_(J)_1958.csv","Lateral_Right"
"2021-05-07-13-04-20-Messung_5_(J)_1959.csv","Lateral_Right"
"2021-05-07-13-04-20-Messung_5_(J)_1960.csv","Lateral_Right"
"2021-05-07-13-04-20-Messung_5_(J)_1961.csv","Lateral_Right"
"2021-05-07-13-04-20-Messung_5_(J)_1962.csv","Lateral_Right"
"2021-05-07-13-04-20-Messung_5_(J)_1963.csv","Lateral_Right"
"2021-05-07-13-04-20-Messung_5_(J)_1964.csv","Lateral_Right"
"2021-05-07-13-04-21-Messung_5_(J)_1965.csv","Lateral_Right"
"2021-05-07-13-04-21-Messung_5_(J)_1966.csv","Lateral_Right"
"2021-05-07-13-04-21-Messung_5_(J)_1967.csv","Lateral_Right"
"2021-05-07-13-04-21-Messung_5_(J)_1968.csv","Lateral_Right"
"2021-05-07-13-04-21-Messung_5_(J)_1969.csv","Lateral_Right"
"2021-05-07-13-04-21-Messung_5_(J)_1970.csv","Lateral_Right"
"2021-05-07-13-04-21-Messung_5_(J)_1971.csv","Lateral_Right"
"2021-05-07-13-04-21-Messung_5_(J)_1972.csv","Lateral_Right"
"2021-05-07-13-04-21-Messung_5_(J)_1973.csv","Lateral_Right"
"2021-05-07-13-04-21-Messung_5_(J)_1974.csv","Lateral_Right"
"2021-05-07-13-04-21-Messung_5_(J)_1975.csv","Lateral_Right"
"2021-05-07-13-04-21-Messung_5_(J)_1976.csv","Lateral_Right"
"2021-05-07-13-04-21-Messung_5_(J)_1977.csv","Lateral_Right"
"2021-05-07-13-04-21-Messung_5_(J)_1978.csv","Lateral_Right"
"2021-05-07-13-04-21-Messung_5_(J)_1979.csv","Lateral_Right"
"2021-05-07-13-04-21-Messung_5_(J)_1980.csv","Lateral_Right"
"2021-05-07-13-04-21-Messung_5_(J)_1981.csv","Lateral_Right"
"2021-05-07-13-04-21-Messung_5_(J)_1982.csv","Lateral_Right"
"2021-05-07-13-04-22-Messung_5_(J)_1983.csv","Lateral_Right"
"2021-05-07-13-04-22-Messung_5_(J)_1984.csv","Lateral_Right"
"2021-05-07-13-04-22-Messung_5_(J)_1985.csv","Lateral_Right"
"2021-05-07-13-04-22-Messung_5_(J)_1986.csv","Lateral_Right"
"2021-05-07-13-04-22-Messung_5_(J)_1987.csv","Lateral_Right"
"2021-05-07-13-04-22-Messung_5_(J)_1988.csv","Lateral_Right"
"2021-05-07-13-04-22-Messung_5_(J)_1989.csv","Lateral_Right"
"2021-05-07-13-04-22-Messung_5_(J)_1990.csv","Lateral_Right"
"2021-05-07-13-04-22-Messung_5_(J)_1991.csv","Lateral_Right"
"2021-05-07-13-04-22-Messung_5_(J)_1992.csv","Lateral_Right"
"2021-05-07-13-04-22-Messung_5_(J)_1993.csv","Lateral_Right"
"2021-05-07-13-04-22-Messung_5_(J)_1994.csv","Lateral_Right"
"2021-05-07-13-04-22-Messung_5_(J)_1995.csv","Lateral_Right"
"2021-05-07-13-04-22-Messung_5_(J)_1996.csv","Lateral_Right"
"2021-05-07-13-04-22-Messung_5_(J)_1997.csv","Lateral_Right"
"2021-05-07-13-04-22-Messung_5_(J)_1998.csv","Lateral_Right"
"2021-05-07-13-04-22-Messung_5_(J)_1999.csv","Lateral_Right"
"2021-05-07-13-04-22-Messung_5_(J)_2000.csv","Lateral_Right"
"2021-05-07-13-04-23-Messung_5_(J)_2001.csv","Lateral_Right"
"2021-05-07-13-04-23-Messung_5_(J)_2002.csv","Lateral_Right"
"2021-05-07-13-04-23-Messung_5_(J)_2003.csv","Lateral_Right"
"2021-05-07-13-04-23-Messung_5_(J)_2004.csv","Lateral_Right"
"2021-05-07-13-04-23-Messung_5_(J)_2005.csv","Lateral_Right"
"2021-05-07-13-04-23-Messung_5_(J)_2006.csv","Lateral_Right"
"2021-05-07-13-04-23-Messung_5_(J)_2007.csv","Lateral_Right"
"2021-05-07-13-04-23-Messung_5_(J)_2008.csv","Lateral_Right"
"2021-05-07-13-04-23-Messung_5_(J)_2009.csv","Lateral_Right"
"2021-05-07-13-04-23-Messung_5_(J)_2010.csv","Lateral_Right"
"2021-05-07-13-04-23-Messung_5_(J)_2011.csv","Lateral_Right"
"2021-05-07-13-04-23-Messung_5_(J)_2012.csv","Lateral_Right"
"2021-05-07-13-04-23-Messung_5_(J)_2013.csv","Lateral_Right"
"2021-05-07-13-04-23-Messung_5_(J)_2014.csv","Lateral_Right"
"2021-05-07-13-04-23-Messung_5_(J)_2015.csv","Lateral_Right"
"2021-05-07-13-04-23-Messung_5_(J)_2016.csv","Lateral_Right"
"2021-05-07-13-04-23-Messung_5_(J)_2017.csv","Lateral_Right"
"2021-05-07-13-04-24-Messung_5_(J)_2018.csv","Lateral_Right"
"2021-05-07-13-04-24-Messung_5_(J)_2019.csv","Lateral_Right"
"2021-05-07-13-04-24-Messung_5_(J)_2020.csv","Lateral_Right"
"2021-05-07-13-04-24-Messung_5_(J)_2021.csv","Lateral_Right"
"2021-05-07-13-04-24-Messung_5_(J)_2022.csv","Lateral_Right"
"2021-05-07-13-04-24-Messung_5_(J)_2023.csv","Lateral_Right"
"2021-05-07-13-04-24-Messung_5_(J)_2024.csv","Lateral_Right"
"2021-05-07-13-04-24-Messung_5_(J)_2025.csv","Lateral_Right"
"2021-05-07-13-04-24-Messung_5_(J)_2026.csv","Lateral_Right"
"2021-05-07-13-04-24-Messung_5_(J)_2027.csv","Lateral_Right"
"2021-05-07-13-04-24-Messung_5_(J)_2028.csv","Lateral_Right"
"2021-05-07-13-04-24-Messung_5_(J)_2029.csv","Lateral_Right"
"2021-05-07-13-04-24-Messung_5_(J)_2030.csv","Lateral_Right"
"2021-05-07-13-04-24-Messung_5_(J)_2031.csv","Lateral_Right"
"2021-05-07-13-04-24-Messung_5_(J)_2032.csv","Lateral_Right"
"2021-05-07-13-04-24-Messung_5_(J)_2033.csv","Lateral_Right"
"2021-05-07-13-04-24-Messung_5_(J)_2034.csv","Lateral_Right"
"2021-05-07-13-04-24-Messung_5_(J)_2035.csv","Lateral_Right"
"2021-05-07-13-04-25-Messung_5_(J)_2036.csv","Lateral_Right"
"2021-05-07-13-04-25-Messung_5_(J)_2037.csv","Lateral_Right"
"2021-05-07-13-04-25-Messung_5_(J)_2038.csv","Lateral_Right"
"2021-05-07-13-04-25-Messung_5_(J)_2039.csv","Lateral_Right"
"2021-05-07-13-04-25-Messung_5_(J)_2040.csv","Lateral_Right"
"2021-05-07-13-04-25-Messung_5_(J)_2041.csv","Lateral_Right"
"2021-05-07-13-04-25-Messung_5_(J)_2042.csv","Lateral_Right"
"2021-05-07-13-04-25-Messung_5_(J)_2043.csv","Lateral_Right"
"2021-05-07-13-04-25-Messung_5_(J)_2044.csv","Lateral_Right"
"2021-05-07-13-04-25-Messung_5_(J)_2045.csv","Lateral_Right"
"2021-05-07-13-04-25-Messung_5_(J)_2046.csv","Lateral_Right"
"2021-05-07-13-04-25-Messung_5_(J)_2047.csv","Lateral_Right"
"2021-05-07-13-04-25-Messung_5_(J)_2048.csv","Lateral_Right"
"2021-05-07-13-04-25-Messung_5_(J)_2049.csv","Lateral_Right"
"2021-05-07-13-04-25-Messung_5_(J)_2050.csv","Lateral_Right"
"2021-05-07-13-04-25-Messung_5_(J)_2051.csv","Lateral_Right"
"2021-05-07-13-04-25-Messung_5_(J)_2052.csv","Lateral_Right"
"2021-05-07-13-04-25-Messung_5_(J)_2053.csv","Lateral_Right"
"2021-05-07-13-04-26-Messung_5_(J)_2054.csv","Lateral_Right"
"2021-05-07-13-04-26-Messung_5_(J)_2055.csv","Lateral_Right"
"2021-05-07-13-04-26-Messung_5_(J)_2056.csv","Lateral_Right"
"2021-05-07-13-04-26-Messung_5_(J)_2057.csv","Lateral_Right"
"2021-05-07-13-04-26-Messung_5_(J)_2058.csv","Lateral_Right"
"2021-05-07-13-04-26-Messung_5_(J)_2059.csv","Lateral_Right"
"2021-05-07-13-04-26-Messung_5_(J)_2060.csv","Lateral_Right"
"2021-05-07-13-04-26-Messung_5_(J)_2061.csv","Lateral_Right"
"2021-05-07-13-04-26-Messung_5_(J)_2062.csv","Lateral_Right"
"2021-05-07-13-04-26-Messung_5_(J)_2063.csv","Lateral_Right"
"2021-05-07-13-04-26-Messung_5_(J)_2064.csv","Lateral_Right"
"2021-05-07-13-04-26-Messung_5_(J)_2065.csv","Lateral_Right"
"2021-05-07-13-04-26-Messung_5_(J)_2066.csv","Lateral_Right"
"2021-05-07-13-04-26-Messung_5_(J)_2067.csv","Lateral_Right"
"2021-05-07-13-04-26-Messung_5_(J)_2068.csv","Lateral_Right"
"2021-05-07-13-04-26-Messung_5_(J)_2069.csv","Lateral_Right"
"2021-05-07-13-04-26-Messung_5_(J)_2070.csv","Lateral_Right"
"2021-05-07-13-04-27-Messung_5_(J)_2071.csv","Lateral_Right"
"2021-05-07-13-04-27-Messung_5_(J)_2072.csv","Lateral_Right"
"2021-05-07-13-04-27-Messung_5_(J)_2073.csv","Lateral_Right"
"2021-05-07-13-04-27-Messung_5_(J)_2074.csv","Lateral_Right"
"2021-05-07-13-04-27-Messung_5_(J)_2075.csv","Lateral_Right"
"2021-05-07-13-04-27-Messung_5_(J)_2076.csv","Lateral_Right"
"2021-05-07-13-04-27-Messung_5_(J)_2077.csv","Lateral_Right"
"2021-05-07-13-04-27-Messung_5_(J)_2078.csv","Lateral_Right"
"2021-05-07-13-04-27-Messung_5_(J)_2079.csv","Lateral_Right"
"2021-05-07-13-04-27-Messung_5_(J)_2080.csv","Lateral_Right"
"2021-05-07-13-04-27-Messung_5_(J)_2081.csv","Lateral_Right"
"2021-05-07-13-04-27-Messung_5_(J)_2082.csv","Lateral_Right"
"2021-05-07-13-04-27-Messung_5_(J)_2083.csv","Lateral_Right"
"2021-05-07-13-04-27-Messung_5_(J)_2084.csv","Lateral_Right"
"2021-05-07-13-04-27-Messung_5_(J)_2085.csv","Lateral_Right"
"2021-05-07-13-04-27-Messung_5_(J)_2086.csv","Lateral_Right"
"2021-05-07-13-04-27-Messung_5_(J)_2087.csv","Lateral_Right"
"2021-05-07-13-04-27-Messung_5_(J)_2088.csv","Lateral_Right"
"2021-05-07-13-04-28-Messung_5_(J)_2089.csv","Lateral_Right"
"2021-05-07-13-04-28-Messung_5_(J)_2090.csv","Lateral_Right"
"2021-05-07-13-04-28-Messung_5_(J)_2091.csv","Lateral_Right"
"2021-05-07-13-04-28-Messung_5_(J)_2092.csv","Lateral_Right"
"2021-05-07-13-04-28-Messung_5_(J)_2093.csv","Lateral_Right"
"2021-05-07-13-04-28-Messung_5_(J)_2094.csv","Lateral_Right"
"2021-05-07-13-04-28-Messung_5_(J)_2095.csv","Lateral_Right"
"2021-05-07-13-04-28-Messung_5_(J)_2096.csv","Lateral_Right"
"2021-05-07-13-04-28-Messung_5_(J)_2097.csv","Lateral_Right"
"2021-05-07-13-04-28-Messung_5_(J)_2098.csv","Lateral_Right"
"2021-05-07-13-04-28-Messung_5_(J)_2099.csv","Lateral_Right"
"2021-05-07-13-04-28-Messung_5_(J)_2100.csv","Lateral_Right"
"2021-05-07-13-04-28-Messung_5_(J)_2101.csv","Lateral_Right"
"2021-05-07-13-04-28-Messung_5_(J)_2102.csv","Lateral_Right"
"2021-05-07-13-04-28-Messung_5_(J)_2103.csv","Lateral_Right"
"2021-05-07-13-04-28-Messung_5_(J)_2104.csv","Lateral_Right"
"2021-05-07-13-04-28-Messung_5_(J)_2105.csv","Lateral_Right"
"2021-05-07-13-04-28-Messung_5_(J)_2106.csv","Lateral_Right"
"2021-05-07-13-04-29-Messung_5_(J)_2107.csv","Lateral_Right"
"2021-05-07-13-04-29-Messung_5_(J)_2108.csv","Lateral_Right"
"2021-05-07-13-04-29-Messung_5_(J)_2109.csv","Lateral_Right"
"2021-05-07-13-04-29-Messung_5_(J)_2110.csv","Lateral_Right"
"2021-05-07-13-04-29-Messung_5_(J)_2111.csv","Lateral_Right"
"2021-05-07-13-04-29-Messung_5_(J)_2112.csv","Lateral_Right"
"2021-05-07-13-04-29-Messung_5_(J)_2113.csv","Lateral_Right"
"2021-05-07-13-04-29-Messung_5_(J)_2114.csv","Lateral_Right"
"2021-05-07-13-04-29-Messung_5_(J)_2115.csv","Lateral_Right"
"2021-05-07-13-04-29-Messung_5_(J)_2116.csv","Lateral_Right"
"2021-05-07-13-04-29-Messung_5_(J)_2117.csv","Lateral_Right"
"2021-05-07-13-04-29-Messung_5_(J)_2118.csv","Lateral_Right"
"2021-05-07-13-04-29-Messung_5_(J)_2119.csv","Lateral_Right"
"2021-05-07-13-04-29-Messung_5_(J)_2120.csv","Lateral_Right"
"2021-05-07-13-04-29-Messung_5_(J)_2121.csv","Lateral_Right"
"2021-05-07-13-04-29-Messung_5_(J)_2122.csv","Lateral_Right"
"2021-05-07-13-04-29-Messung_5_(J)_2123.csv","Lateral_Right"
"2021-05-07-13-04-30-Messung_5_(J)_2124.csv","Lateral_Right"
"2021-05-07-13-04-30-Messung_5_(J)_2125.csv","Lateral_Right"
"2021-05-07-13-04-30-Messung_5_(J)_2126.csv","Lateral_Right"
"2021-05-07-13-04-30-Messung_5_(J)_2127.csv","Lateral_Right"
"2021-05-07-13-04-30-Messung_5_(J)_2128.csv","Lateral_Right"
"2021-05-07-13-04-30-Messung_5_(J)_2129.csv","Lateral_Right"
"2021-05-07-13-04-30-Messung_5_(J)_2130.csv","Lateral_Right"
"2021-05-07-13-04-30-Messung_5_(J)_2131.csv","Lateral_Right"
"2021-05-07-13-04-30-Messung_5_(J)_2132.csv","Lateral_Right"
"2021-05-07-13-04-30-Messung_5_(J)_2133.csv","Lateral_Right"
"2021-05-07-13-04-30-Messung_5_(J)_2134.csv","Lateral_Right"
"2021-05-07-13-04-30-Messung_5_(J)_2135.csv","Lateral_Right"
"2021-05-07-13-04-30-Messung_5_(J)_2136.csv","Lateral_Right"
"2021-05-07-13-04-30-Messung_5_(J)_2137.csv","Lateral_Right"
"2021-05-07-13-04-30-Messung_5_(J)_2138.csv","Lateral_Right"
"2021-05-07-13-04-30-Messung_5_(J)_2139.csv","Lateral_Right"
"2021-05-07-13-04-30-Messung_5_(J)_2140.csv","Lateral_Right"
"2021-05-07-13-04-30-Messung_5_(J)_2141.csv","Lateral_Right"
"2021-05-07-13-04-31-Messung_5_(J)_2142.csv","Lateral_Right"
"2021-05-07-13-04-31-Messung_5_(J)_2143.csv","Lateral_Right"
"2021-05-07-13-04-31-Messung_5_(J)_2144.csv","Lateral_Right"
"2021-05-07-13-04-31-Messung_5_(J)_2145.csv","Lateral_Right"
"2021-05-07-13-04-31-Messung_5_(J)_2146.csv","Lateral_Right"
"2021-05-07-13-04-31-Messung_5_(J)_2147.csv","Lateral_Right"
"2021-05-07-13-04-31-Messung_5_(J)_2148.csv","Lateral_Right"
"2021-05-07-13-04-31-Messung_5_(J)_2149.csv","Lateral_Right"
"2021-05-07-13-04-31-Messung_5_(J)_2150.csv","Lateral_Right"
"2021-05-07-13-04-31-Messung_5_(J)_2151.csv","Lateral_Right"
"2021-05-07-13-04-31-Messung_5_(J)_2152.csv","Lateral_Right"
"2021-05-07-13-04-31-Messung_5_(J)_2153.csv","Lateral_Right"
"2021-05-07-13-04-31-Messung_5_(J)_2154.csv","Lateral_Right"
"2021-05-07-13-04-31-Messung_5_(J)_2155.csv","Lateral_Right"
"2021-05-07-13-04-31-Messung_5_(J)_2156.csv","Lateral_Right"
"2021-05-07-13-04-31-Messung_5_(J)_2157.csv","Lateral_Right"
"2021-05-07-13-04-31-Messung_5_(J)_2158.csv","Lateral_Right"
"2021-05-07-13-04-31-Messung_5_(J)_2159.csv","Lateral_Right"
"2021-05-07-13-04-32-Messung_5_(J)_2160.csv","Lateral_Right"
"2021-05-07-13-04-32-Messung_5_(J)_2161.csv","Lateral_Right"
"2021-05-07-13-04-32-Messung_5_(J)_2162.csv","Lateral_Right"
"2021-05-07-13-04-32-Messung_5_(J)_2163.csv","Lateral_Right"
"2021-05-07-13-04-32-Messung_5_(J)_2164.csv","Lateral_Right"
"2021-05-07-13-04-32-Messung_5_(J)_2165.csv","Lateral_Right"
"2021-05-07-13-04-32-Messung_5_(J)_2166.csv","Lateral_Right"
"2021-05-07-13-04-32-Messung_5_(J)_2167.csv","Lateral_Right"
"2021-05-07-13-04-32-Messung_5_(J)_2168.csv","Lateral_Right"
"2021-05-07-13-04-32-Messung_5_(J)_2169.csv","Lateral_Right"
"2021-05-07-13-04-32-Messung_5_(J)_2170.csv","Lateral_Right"
"2021-05-07-13-04-32-Messung_5_(J)_2171.csv","Lateral_Right"
"2021-05-07-13-04-32-Messung_5_(J)_2172.csv","Lateral_Right"
"2021-05-07-13-04-32-Messung_5_(J)_2173.csv","Lateral_Right"
"2021-05-07-13-04-32-Messung_5_(J)_2174.csv","Lateral_Right"
"2021-05-07-13-04-32-Messung_5_(J)_2175.csv","Lateral_Right"
"2021-05-07-13-04-32-Messung_5_(J)_2176.csv","Lateral_Right"
"2021-05-07-13-04-33-Messung_5_(J)_2177.csv","Lateral_Right"
"2021-05-07-13-04-33-Messung_5_(J)_2178.csv","Lateral_Right"
"2021-05-07-13-04-33-Messung_5_(J)_2179.csv","Lateral_Right"
"2021-05-07-13-04-33-Messung_5_(J)_2180.csv","Lateral_Right"
"2021-05-07-13-04-33-Messung_5_(J)_2181.csv","Lateral_Right"
"2021-05-07-13-04-33-Messung_5_(J)_2182.csv","Lateral_Right"
"2021-05-07-13-04-33-Messung_5_(J)_2183.csv","Lateral_Right"
"2021-05-07-13-04-33-Messung_5_(J)_2184.csv","Lateral_Right"
"2021-05-07-13-04-33-Messung_5_(J)_2185.csv","Lateral_Right"
"2021-05-07-13-04-33-Messung_5_(J)_2186.csv","Lateral_Right"
"2021-05-07-13-04-33-Messung_5_(J)_2187.csv","Lateral_Right"
"2021-05-07-13-04-33-Messung_5_(J)_2188.csv","Lateral_Right"
"2021-05-07-13-04-33-Messung_5_(J)_2189.csv","Lateral_Right"
"2021-05-07-13-04-33-Messung_5_(J)_2190.csv","Lateral_Right"
"2021-05-07-13-04-33-Messung_5_(J)_2191.csv","Lateral_Right"
"2021-05-07-13-04-33-Messung_5_(J)_2192.csv","Lateral_Right"
"2021-05-07-13-04-33-Messung_5_(J)_2193.csv","Lateral_Right"
"2021-05-07-13-04-33-Messung_5_(J)_2194.csv","Lateral_Right"
"2021-05-07-13-04-34-Messung_5_(J)_2195.csv","Lateral_Right"
"2021-05-07-13-04-34-Messung_5_(J)_2196.csv","Lateral_Right"
"2021-05-07-13-04-34-Messung_5_(J)_2197.csv","Lateral_Right"
"2021-05-07-13-04-34-Messung_5_(J)_2198.csv","Lateral_Right"
"2021-05-07-13-04-34-Messung_5_(J)_2199.csv","Lateral_Right"
"2021-05-07-13-04-34-Messung_5_(J)_2200.csv","Lateral_Right"
"2021-05-07-13-04-34-Messung_5_(J)_2201.csv","Lateral_Right"
"2021-05-07-13-04-34-Messung_5_(J)_2202.csv","Lateral_Right"
"2021-05-07-13-04-34-Messung_5_(J)_2203.csv","Lateral_Right"
"2021-05-07-13-04-34-Messung_5_(J)_2204.csv","Lateral_Right"
"2021-05-07-13-04-34-Messung_5_(J)_2205.csv","Changing"
"2021-05-07-13-04-34-Messung_5_(J)_2206.csv","Changing"
"2021-05-07-13-04-34-Messung_5_(J)_2207.csv","Changing"
"2021-05-07-13-04-34-Messung_5_(J)_2208.csv","Changing"
"2021-05-07-13-04-34-Messung_5_(J)_2209.csv","Changing"
"2021-05-07-13-04-34-Messung_5_(J)_2210.csv","Changing"
"2021-05-07-13-04-34-Messung_5_(J)_2211.csv","Changing"
"2021-05-07-13-04-34-Messung_5_(J)_2212.csv","Changing"
"2021-05-07-13-04-35-Messung_5_(J)_2213.csv","Changing"
"2021-05-07-13-04-35-Messung_5_(J)_2214.csv","Changing"
"2021-05-07-13-04-35-Messung_5_(J)_2215.csv","Changing"
"2021-05-07-13-04-35-Messung_5_(J)_2216.csv","Changing"
"2021-05-07-13-04-35-Messung_5_(J)_2217.csv","Changing"
"2021-05-07-13-04-35-Messung_5_(J)_2218.csv","Changing"
"2021-05-07-13-04-35-Messung_5_(J)_2219.csv","Changing"
"2021-05-07-13-04-35-Messung_5_(J)_2220.csv","Changing"
"2021-05-07-13-04-35-Messung_5_(J)_2221.csv","Changing"
"2021-05-07-13-04-35-Messung_5_(J)_2222.csv","Changing"
"2021-05-07-13-04-35-Messung_5_(J)_2223.csv","Changing"
"2021-05-07-13-04-35-Messung_5_(J)_2224.csv","Changing"
"2021-05-07-13-04-35-Messung_5_(J)_2225.csv","Changing"
"2021-05-07-13-04-35-Messung_5_(J)_2226.csv","Changing"
"2021-05-07-13-04-35-Messung_5_(J)_2227.csv","Changing"
"2021-05-07-13-04-35-Messung_5_(J)_2228.csv","Changing"
"2021-05-07-13-04-35-Messung_5_(J)_2229.csv","Changing"
"2021-05-07-13-04-36-Messung_5_(J)_2230.csv","Changing"
"2021-05-07-13-04-36-Messung_5_(J)_2231.csv","Changing"
"2021-05-07-13-04-36-Messung_5_(J)_2232.csv","Changing"
"2021-05-07-13-04-36-Messung_5_(J)_2233.csv","Changing"
"2021-05-07-13-04-36-Messung_5_(J)_2234.csv","Changing"
"2021-05-07-13-04-36-Messung_5_(J)_2235.csv","Changing"
"2021-05-07-13-04-36-Messung_5_(J)_2236.csv","Changing"
"2021-05-07-13-04-36-Messung_5_(J)_2237.csv","Changing"
"2021-05-07-13-04-36-Messung_5_(J)_2238.csv","Changing"
"2021-05-07-13-04-36-Messung_5_(J)_2239.csv","Changing"
"2021-05-07-13-04-36-Messung_5_(J)_2240.csv","Changing"
"2021-05-07-13-04-36-Messung_5_(J)_2241.csv","Changing"
"2021-05-07-13-04-36-Messung_5_(J)_2242.csv","Changing"
"2021-05-07-13-04-36-Messung_5_(J)_2243.csv","NotDefined"
"2021-05-07-13-04-36-Messung_5_(J)_2244.csv","NotDefined"
"2021-05-07-13-04-36-Messung_5_(J)_2245.csv","NotDefined"
"2021-05-07-13-04-36-Messung_5_(J)_2246.csv","NotDefined"
"2021-05-07-13-04-36-Messung_5_(J)_2247.csv","NotDefined"
"2021-05-07-13-04-37-Messung_5_(J)_2248.csv","NotDefined"
"2021-05-07-13-04-37-Messung_5_(J)_2249.csv","NotDefined"
"2021-05-07-13-04-37-Messung_5_(J)_2250.csv","NotDefined"
"2021-05-07-13-04-37-Messung_5_(J)_2251.csv","NotDefined"
"2021-05-07-13-04-37-Messung_5_(J)_2252.csv","NotDefined"
"2021-05-07-13-04-37-Messung_5_(J)_2253.csv","NotDefined"
"2021-05-07-13-04-37-Messung_5_(J)_2254.csv","NotDefined"
"2021-05-07-13-04-37-Messung_5_(J)_2255.csv","NotDefined"
"2021-05-07-13-04-37-Messung_5_(J)_2256.csv","NotDefined"
"2021-05-07-13-04-37-Messung_5_(J)_2257.csv","NotDefined"
"2021-05-07-13-04-37-Messung_5_(J)_2258.csv","NotDefined"
"2021-05-07-13-04-37-Messung_5_(J)_2259.csv","NotDefined"
"2021-05-07-13-04-37-Messung_5_(J)_2260.csv","NotDefined"
"2021-05-07-13-04-37-Messung_5_(J)_2261.csv","NotDefined"
"2021-05-07-13-04-37-Messung_5_(J)_2262.csv","NotDefined"
"2021-05-07-13-04-37-Messung_5_(J)_2263.csv","NotDefined"
"2021-05-07-13-04-37-Messung_5_(J)_2264.csv","NotDefined"
"2021-05-07-13-04-37-Messung_5_(J)_2265.csv","NotDefined"
"2021-05-07-13-04-38-Messung_5_(J)_2266.csv","NotDefined"
"2021-05-07-13-04-38-Messung_5_(J)_2267.csv","NotDefined"
"2021-05-07-13-04-38-Messung_5_(J)_2268.csv","NotDefined"
"2021-05-07-13-04-38-Messung_5_(J)_2269.csv","NotDefined"
"2021-05-07-13-04-38-Messung_5_(J)_2270.csv","NotDefined"
"2021-05-07-13-04-38-Messung_5_(J)_2271.csv","NotDefined"
"2021-05-07-13-04-38-Messung_5_(J)_2272.csv","NotDefined"
"2021-05-07-13-04-38-Messung_5_(J)_2273.csv","NotDefined"
"2021-05-07-13-04-38-Messung_5_(J)_2274.csv","NotDefined"
"2021-05-07-13-04-38-Messung_5_(J)_2275.csv","NotDefined"
"2021-05-07-13-04-38-Messung_5_(J)_2276.csv","NotDefined"
"2021-05-07-13-04-38-Messung_5_(J)_2277.csv","NotDefined"
"2021-05-07-13-04-38-Messung_5_(J)_2278.csv","NotDefined"
"2021-05-07-13-04-38-Messung_5_(J)_2279.csv","NotDefined"
"2021-05-07-13-04-38-Messung_5_(J)_2280.csv","NotDefined"
"2021-05-07-13-04-38-Messung_5_(J)_2281.csv","NotDefined"
"2021-05-07-13-04-38-Messung_5_(J)_2282.csv","NotDefined"
"2021-05-07-13-04-39-Messung_5_(J)_2283.csv","NotDefined"
"2021-05-07-13-04-39-Messung_5_(J)_2284.csv","NotDefined"
"2021-05-07-13-04-39-Messung_5_(J)_2285.csv","NotDefined"
"2021-05-07-13-04-39-Messung_5_(J)_2286.csv","NotDefined"
"2021-05-07-13-04-39-Messung_5_(J)_2287.csv","NotDefined"
"2021-05-07-13-04-39-Messung_5_(J)_2288.csv","NotDefined"
"2021-05-07-13-04-39-Messung_5_(J)_2289.csv","NotDefined"
"2021-05-07-13-04-39-Messung_5_(J)_2290.csv","NotDefined"
"2021-05-07-13-04-39-Messung_5_(J)_2291.csv","NotDefined"
"2021-05-07-13-04-39-Messung_5_(J)_2292.csv","NotDefined"
"2021-05-07-13-04-39-Messung_5_(J)_2293.csv","NotDefined"
"2021-05-07-13-04-39-Messung_5_(J)_2294.csv","NotDefined"
"2021-05-07-13-04-39-Messung_5_(J)_2295.csv","NotDefined"
"2021-05-07-13-04-39-Messung_5_(J)_2296.csv","NotDefined"
"2021-05-07-13-04-39-Messung_5_(J)_2297.csv","NotDefined"
"2021-05-07-13-04-39-Messung_5_(J)_2298.csv","NotDefined"
"2021-05-07-13-04-39-Messung_5_(J)_2299.csv","NotDefined"
"2021-05-07-13-04-39-Messung_5_(J)_2300.csv","NotDefined"
"2021-05-07-13-04-40-Messung_5_(J)_2301.csv","NotDefined"
"2021-05-07-13-04-40-Messung_5_(J)_2302.csv","NotDefined"
"2021-05-07-13-04-40-Messung_5_(J)_2303.csv","NotDefined"
"2021-05-07-13-04-40-Messung_5_(J)_2304.csv","NotDefined"
"2021-05-07-13-04-40-Messung_5_(J)_2305.csv","NotDefined"
"2021-05-07-13-04-40-Messung_5_(J)_2306.csv","NotDefined"
"2021-05-07-13-04-40-Messung_5_(J)_2307.csv","NotDefined"
"2021-05-07-13-04-40-Messung_5_(J)_2308.csv","NotDefined"
"2021-05-07-13-04-40-Messung_5_(J)_2309.csv","NotDefined"
"2021-05-07-13-04-40-Messung_5_(J)_2310.csv","NotDefined"
"2021-05-07-13-04-40-Messung_5_(J)_2311.csv","NotDefined"
"2021-05-07-13-04-40-Messung_5_(J)_2312.csv","NotDefined"
"2021-05-07-13-04-40-Messung_5_(J)_2313.csv","NotDefined"
"2021-05-07-13-04-40-Messung_5_(J)_2314.csv","NotDefined"
"2021-05-07-13-04-40-Messung_5_(J)_2315.csv","NotDefined"
"2021-05-07-13-04-40-Messung_5_(J)_2316.csv","NotDefined"
"2021-05-07-13-04-40-Messung_5_(J)_2317.csv","NotDefined"
"2021-05-07-13-04-40-Messung_5_(J)_2318.csv","NotDefined"
"2021-05-07-13-04-41-Messung_5_(J)_2319.csv","NotDefined"
"2021-05-07-13-04-41-Messung_5_(J)_2320.csv","NotDefined"
"2021-05-07-13-04-41-Messung_5_(J)_2321.csv","NotDefined"
"2021-05-07-13-04-41-Messung_5_(J)_2322.csv","NotDefined"
"2021-05-07-13-04-41-Messung_5_(J)_2323.csv","NotDefined"
"2021-05-07-13-04-41-Messung_5_(J)_2324.csv","NotDefined"
"2021-05-07-13-04-41-Messung_5_(J)_2325.csv","NotDefined"
"2021-05-07-13-04-41-Messung_5_(J)_2326.csv","NotDefined"
"2021-05-07-13-04-41-Messung_5_(J)_2327.csv","NotDefined"
"2021-05-07-13-04-41-Messung_5_(J)_2328.csv","NotDefined"
"2021-05-07-13-04-41-Messung_5_(J)_2329.csv","NotDefined"
"2021-05-07-13-04-41-Messung_5_(J)_2330.csv","NotDefined"
"2021-05-07-13-04-41-Messung_5_(J)_2331.csv","NotDefined"
"2021-05-07-13-04-41-Messung_5_(J)_2332.csv","NotDefined"
"2021-05-07-13-04-41-Messung_5_(J)_2333.csv","NotDefined"
"2021-05-07-13-04-41-Messung_5_(J)_2334.csv","NotDefined"
"2021-05-07-13-04-41-Messung_5_(J)_2335.csv","NotDefined"
"2021-05-07-13-04-42-Messung_5_(J)_2336.csv","NotDefined"
"2021-05-07-13-04-42-Messung_5_(J)_2337.csv","NotDefined"
"2021-05-07-13-04-42-Messung_5_(J)_2338.csv","NotDefined"
"2021-05-07-13-04-42-Messung_5_(J)_2339.csv","NotDefined"
"2021-05-07-13-04-42-Messung_5_(J)_2340.csv","NotDefined"
"2021-05-07-13-04-42-Messung_5_(J)_2341.csv","NotDefined"
"2021-05-07-13-04-42-Messung_5_(J)_2342.csv","NotDefined"
"2021-05-07-13-04-42-Messung_5_(J)_2343.csv","NotDefined"
"2021-05-07-13-04-42-Messung_5_(J)_2344.csv","NotDefined"
"2021-05-07-13-04-42-Messung_5_(J)_2345.csv","NotDefined"
"2021-05-07-13-04-42-Messung_5_(J)_2346.csv","NotDefined"
"2021-05-07-13-04-42-Messung_5_(J)_2347.csv","NotDefined"
"2021-05-07-13-04-42-Messung_5_(J)_2348.csv","NotDefined"
"2021-05-07-13-04-42-Messung_5_(J)_2349.csv","NotDefined"
"2021-05-07-13-04-42-Messung_5_(J)_2350.csv","NotDefined"
"2021-05-07-13-04-42-Messung_5_(J)_2351.csv","NotDefined"
"2021-05-07-13-04-42-Messung_5_(J)_2352.csv","NotDefined"
"2021-05-07-13-04-42-Messung_5_(J)_2353.csv","NotDefined"
"2021-05-07-13-04-43-Messung_5_(J)_2354.csv","NotDefined"
"2021-05-07-13-04-43-Messung_5_(J)_2355.csv","NotDefined"
"2021-05-07-13-04-43-Messung_5_(J)_2356.csv","NotDefined"
"2021-05-07-13-04-43-Messung_5_(J)_2357.csv","NotDefined"
"2021-05-07-13-04-43-Messung_5_(J)_2358.csv","NotDefined"
"2021-05-07-13-04-43-Messung_5_(J)_2359.csv","NotDefined"
"2021-05-07-13-04-43-Messung_5_(J)_2360.csv","NotDefined"
"2021-05-07-13-04-43-Messung_5_(J)_2361.csv","NotDefined"
"2021-05-07-13-04-43-Messung_5_(J)_2362.csv","NotDefined"
"2021-05-07-13-04-43-Messung_5_(J)_2363.csv","NotDefined"
"2021-05-07-13-04-43-Messung_5_(J)_2364.csv","NotDefined"
"2021-05-07-13-04-43-Messung_5_(J)_2365.csv","NotDefined"
"2021-05-07-13-04-43-Messung_5_(J)_2366.csv","NotDefined"
"2021-05-07-13-04-43-Messung_5_(J)_2367.csv","NotDefined"
"2021-05-07-13-04-43-Messung_5_(J)_2368.csv","NotDefined"
"2021-05-07-13-04-43-Messung_5_(J)_2369.csv","NotDefined"
"2021-05-07-13-04-43-Messung_5_(J)_2370.csv","NotDefined"
"2021-05-07-13-04-43-Messung_5_(J)_2371.csv","NotDefined"
"2021-05-07-13-04-44-Messung_5_(J)_2372.csv","NotDefined"
"2021-05-07-13-04-44-Messung_5_(J)_2373.csv","Changing"
"2021-05-07-13-04-44-Messung_5_(J)_2374.csv","Changing"
"2021-05-07-13-04-44-Messung_5_(J)_2375.csv","Changing"
"2021-05-07-13-04-44-Messung_5_(J)_2376.csv","Changing"
"2021-05-07-13-04-44-Messung_5_(J)_2377.csv","Changing"
"2021-05-07-13-04-44-Messung_5_(J)_2378.csv","Changing"
"2021-05-07-13-04-44-Messung_5_(J)_2379.csv","Changing"
"2021-05-07-13-04-44-Messung_5_(J)_2380.csv","Changing"
"2021-05-07-13-04-44-Messung_5_(J)_2381.csv","Changing"
"2021-05-07-13-04-44-Messung_5_(J)_2382.csv","Changing"
"2021-05-07-13-04-44-Messung_5_(J)_2383.csv","Changing"
"2021-05-07-13-04-44-Messung_5_(J)_2384.csv","Changing"
"2021-05-07-13-04-44-Messung_5_(J)_2385.csv","Changing"
"2021-05-07-13-04-44-Messung_5_(J)_2386.csv","Changing"
"2021-05-07-13-04-44-Messung_5_(J)_2387.csv","Changing"
"2021-05-07-13-04-44-Messung_5_(J)_2388.csv","Changing"
"2021-05-07-13-04-45-Messung_5_(J)_2389.csv","Changing"
"2021-05-07-13-04-45-Messung_5_(J)_2390.csv","Changing"
"2021-05-07-13-04-45-Messung_5_(J)_2391.csv","Changing"
"2021-05-07-13-04-45-Messung_5_(J)_2392.csv","Changing"
"2021-05-07-13-04-45-Messung_5_(J)_2393.csv","Changing"
"2021-05-07-13-04-45-Messung_5_(J)_2394.csv","Changing"
"2021-05-07-13-04-45-Messung_5_(J)_2395.csv","Changing"
"2021-05-07-13-04-45-Messung_5_(J)_2396.csv","Changing"
"2021-05-07-13-04-45-Messung_5_(J)_2397.csv","Changing"
"2021-05-07-13-04-45-Messung_5_(J)_2398.csv","Changing"
"2021-05-07-13-04-45-Messung_5_(J)_2399.csv","Changing"
"2021-05-07-13-04-45-Messung_5_(J)_2400.csv","Changing"
"2021-05-07-13-04-45-Messung_5_(J)_2401.csv","Changing"
"2021-05-07-13-04-45-Messung_5_(J)_2402.csv","Changing"
"2021-05-07-13-04-45-Messung_5_(J)_2403.csv","Changing"
"2021-05-07-13-04-45-Messung_5_(J)_2404.csv","Changing"
"2021-05-07-13-04-45-Messung_5_(J)_2405.csv","Changing"
"2021-05-07-13-04-45-Messung_5_(J)_2406.csv","Changing"
"2021-05-07-13-04-46-Messung_5_(J)_2407.csv","Changing"
"2021-05-07-13-04-46-Messung_5_(J)_2408.csv","Changing"
"2021-05-07-13-04-46-Messung_5_(J)_2409.csv","Changing"
"2021-05-07-13-04-46-Messung_5_(J)_2410.csv","Changing"
"2021-05-07-13-04-46-Messung_5_(J)_2411.csv","Changing"
"2021-05-07-13-04-46-Messung_5_(J)_2412.csv","Changing"
"2021-05-07-13-04-46-Messung_5_(J)_2413.csv","Changing"
"2021-05-07-13-04-46-Messung_5_(J)_2414.csv","Changing"
"2021-05-07-13-04-46-Messung_5_(J)_2415.csv","Changing"
"2021-05-07-13-04-46-Messung_5_(J)_2416.csv","Changing"
"2021-05-07-13-04-46-Messung_5_(J)_2417.csv","Changing"
"2021-05-07-13-04-46-Messung_5_(J)_2418.csv","Changing"
"2021-05-07-13-04-46-Messung_5_(J)_2419.csv","Changing"
"2021-05-07-13-04-46-Messung_5_(J)_2420.csv","Changing"
"2021-05-07-13-04-46-Messung_5_(J)_2421.csv","Changing"
"2021-05-07-13-04-46-Messung_5_(J)_2422.csv","Changing"
"2021-05-07-13-04-46-Messung_5_(J)_2423.csv","Changing"
"2021-05-07-13-04-46-Messung_5_(J)_2424.csv","Changing"
"2021-05-07-13-04-47-Messung_5_(J)_2425.csv","Changing"
"2021-05-07-13-04-47-Messung_5_(J)_2426.csv","Changing"
"2021-05-07-13-04-47-Messung_5_(J)_2427.csv","Changing"
"2021-05-07-13-04-47-Messung_5_(J)_2428.csv","Changing"
"2021-05-07-13-04-47-Messung_5_(J)_2429.csv","Changing"
"2021-05-07-13-04-47-Messung_5_(J)_2430.csv","Changing"
"2021-05-07-13-04-47-Messung_5_(J)_2431.csv","Changing"
"2021-05-07-13-04-47-Messung_5_(J)_2432.csv","Changing"
"2021-05-07-13-04-47-Messung_5_(J)_2433.csv","Changing"
"2021-05-07-13-04-47-Messung_5_(J)_2434.csv","Changing"
"2021-05-07-13-04-47-Messung_5_(J)_2435.csv","Changing"
"2021-05-07-13-04-47-Messung_5_(J)_2436.csv","Changing"
"2021-05-07-13-04-47-Messung_5_(J)_2437.csv","Changing"
"2021-05-07-13-04-47-Messung_5_(J)_2438.csv","Changing"
"2021-05-07-13-04-47-Messung_5_(J)_2439.csv","Changing"
"2021-05-07-13-04-47-Messung_5_(J)_2440.csv","Changing"
"2021-05-07-13-04-47-Messung_5_(J)_2441.csv","Changing"
"2021-05-07-13-04-48-Messung_5_(J)_2442.csv","Changing"
"2021-05-07-13-04-48-Messung_5_(J)_2443.csv","Changing"
"2021-05-07-13-04-48-Messung_5_(J)_2444.csv","Changing"
"2021-05-07-13-04-48-Messung_5_(J)_2445.csv","Changing"
"2021-05-07-13-04-48-Messung_5_(J)_2446.csv","Changing"
"2021-05-07-13-04-48-Messung_5_(J)_2447.csv","Changing"
"2021-05-07-13-04-48-Messung_5_(J)_2448.csv","Changing"
"2021-05-07-13-04-48-Messung_5_(J)_2449.csv","Changing"
"2021-05-07-13-04-48-Messung_5_(J)_2450.csv","SittingOnBed"
"2021-05-07-13-04-48-Messung_5_(J)_2451.csv","SittingOnBed"
"2021-05-07-13-04-48-Messung_5_(J)_2452.csv","SittingOnBed"
"2021-05-07-13-04-48-Messung_5_(J)_2453.csv","SittingOnBed"
"2021-05-07-13-04-48-Messung_5_(J)_2454.csv","SittingOnBed"
"2021-05-07-13-04-48-Messung_5_(J)_2455.csv","SittingOnBed"
"2021-05-07-13-04-48-Messung_5_(J)_2456.csv","SittingOnBed"
"2021-05-07-13-04-48-Messung_5_(J)_2457.csv","SittingOnBed"
"2021-05-07-13-04-48-Messung_5_(J)_2458.csv","SittingOnBed"
"2021-05-07-13-04-48-Messung_5_(J)_2459.csv","SittingOnBed"
"2021-05-07-13-04-49-Messung_5_(J)_2460.csv","SittingOnBed"
"2021-05-07-13-04-49-Messung_5_(J)_2461.csv","SittingOnBed"
"2021-05-07-13-04-49-Messung_5_(J)_2462.csv","SittingOnBed"
"2021-05-07-13-04-49-Messung_5_(J)_2463.csv","SittingOnBed"
"2021-05-07-13-04-49-Messung_5_(J)_2464.csv","SittingOnBed"
"2021-05-07-13-04-49-Messung_5_(J)_2465.csv","SittingOnBed"
"2021-05-07-13-04-49-Messung_5_(J)_2466.csv","SittingOnBed"
"2021-05-07-13-04-49-Messung_5_(J)_2467.csv","SittingOnBed"
"2021-05-07-13-04-49-Messung_5_(J)_2468.csv","SittingOnBed"
"2021-05-07-13-04-49-Messung_5_(J)_2469.csv","SittingOnBed"
"2021-05-07-13-04-49-Messung_5_(J)_2470.csv","SittingOnBed"
"2021-05-07-13-04-49-Messung_5_(J)_2471.csv","SittingOnBed"
"2021-05-07-13-04-49-Messung_5_(J)_2472.csv","SittingOnBed"
"2021-05-07-13-04-49-Messung_5_(J)_2473.csv","SittingOnBed"
"2021-05-07-13-04-49-Messung_5_(J)_2474.csv","SittingOnBed"
"2021-05-07-13-04-49-Messung_5_(J)_2475.csv","SittingOnBed"
"2021-05-07-13-04-49-Messung_5_(J)_2476.csv","SittingOnBed"
"2021-05-07-13-04-49-Messung_5_(J)_2477.csv","SittingOnBed"
"2021-05-07-13-04-50-Messung_5_(J)_2478.csv","SittingOnBed"
"2021-05-07-13-04-50-Messung_5_(J)_2479.csv","SittingOnBed"
"2021-05-07-13-04-50-Messung_5_(J)_2480.csv","SittingOnBed"
"2021-05-07-13-04-50-Messung_5_(J)_2481.csv","SittingOnBed"
"2021-05-07-13-04-50-Messung_5_(J)_2482.csv","SittingOnBed"
"2021-05-07-13-04-50-Messung_5_(J)_2483.csv","SittingOnBed"
"2021-05-07-13-04-50-Messung_5_(J)_2484.csv","SittingOnBed"
"2021-05-07-13-04-50-Messung_5_(J)_2485.csv","SittingOnBed"
"2021-05-07-13-04-50-Messung_5_(J)_2486.csv","SittingOnBed"
"2021-05-07-13-04-50-Messung_5_(J)_2487.csv","SittingOnBed"
"2021-05-07-13-04-50-Messung_5_(J)_2488.csv","SittingOnBed"
"2021-05-07-13-04-50-Messung_5_(J)_2489.csv","SittingOnBed"
"2021-05-07-13-04-50-Messung_5_(J)_2490.csv","SittingOnBed"
"2021-05-07-13-04-50-Messung_5_(J)_2491.csv","SittingOnBed"
"2021-05-07-13-04-50-Messung_5_(J)_2492.csv","SittingOnBed"
"2021-05-07-13-04-50-Messung_5_(J)_2493.csv","SittingOnBed"
"2021-05-07-13-04-50-Messung_5_(J)_2494.csv","SittingOnBed"
"2021-05-07-13-04-51-Messung_5_(J)_2495.csv","SittingOnBed"
"2021-05-07-13-04-51-Messung_5_(J)_2496.csv","SittingOnBed"
"2021-05-07-13-04-51-Messung_5_(J)_2497.csv","SittingOnBed"
"2021-05-07-13-04-51-Messung_5_(J)_2498.csv","SittingOnBed"
"2021-05-07-13-04-51-Messung_5_(J)_2499.csv","SittingOnBed"
"2021-05-07-13-04-51-Messung_5_(J)_2500.csv","SittingOnBed"
"2021-05-07-13-04-51-Messung_5_(J)_2501.csv","SittingOnBed"
"2021-05-07-13-04-51-Messung_5_(J)_2502.csv","SittingOnBed"
"2021-05-07-13-04-51-Messung_5_(J)_2503.csv","SittingOnBed"
"2021-05-07-13-04-51-Messung_5_(J)_2504.csv","SittingOnBed"
"2021-05-07-13-04-51-Messung_5_(J)_2505.csv","SittingOnBed"
"2021-05-07-13-04-51-Messung_5_(J)_2506.csv","SittingOnBed"
"2021-05-07-13-04-51-Messung_5_(J)_2507.csv","SittingOnBed"
"2021-05-07-13-04-51-Messung_5_(J)_2508.csv","SittingOnBed"
"2021-05-07-13-04-51-Messung_5_(J)_2509.csv","SittingOnBed"
"2021-05-07-13-04-51-Messung_5_(J)_2510.csv","SittingOnBed"
"2021-05-07-13-04-51-Messung_5_(J)_2511.csv","SittingOnBed"
"2021-05-07-13-04-51-Messung_5_(J)_2512.csv","SittingOnBed"
"2021-05-07-13-04-52-Messung_5_(J)_2513.csv","SittingOnBed"
"2021-05-07-13-04-52-Messung_5_(J)_2514.csv","SittingOnBed"
"2021-05-07-13-04-52-Messung_5_(J)_2515.csv","SittingOnBed"
"2021-05-07-13-04-52-Messung_5_(J)_2516.csv","SittingOnBed"
"2021-05-07-13-04-52-Messung_5_(J)_2517.csv","SittingOnBed"
"2021-05-07-13-04-52-Messung_5_(J)_2518.csv","SittingOnBed"
"2021-05-07-13-04-52-Messung_5_(J)_2519.csv","SittingOnBed"
"2021-05-07-13-04-52-Messung_5_(J)_2520.csv","SittingOnBed"
"2021-05-07-13-04-52-Messung_5_(J)_2521.csv","SittingOnBed"
"2021-05-07-13-04-52-Messung_5_(J)_2522.csv","SittingOnBed"
"2021-05-07-13-04-52-Messung_5_(J)_2523.csv","SittingOnBed"
"2021-05-07-13-04-52-Messung_5_(J)_2524.csv","SittingOnBed"
"2021-05-07-13-04-52-Messung_5_(J)_2525.csv","SittingOnBed"
"2021-05-07-13-04-52-Messung_5_(J)_2526.csv","SittingOnBed"
"2021-05-07-13-04-52-Messung_5_(J)_2527.csv","SittingOnBed"
"2021-05-07-13-04-52-Messung_5_(J)_2528.csv","SittingOnBed"
"2021-05-07-13-04-52-Messung_5_(J)_2529.csv","SittingOnBed"
"2021-05-07-13-04-52-Messung_5_(J)_2530.csv","SittingOnBed"
"2021-05-07-13-04-53-Messung_5_(J)_2531.csv","SittingOnBed"
"2021-05-07-13-04-53-Messung_5_(J)_2532.csv","SittingOnBed"
"2021-05-07-13-04-53-Messung_5_(J)_2533.csv","SittingOnBed"
"2021-05-07-13-04-53-Messung_5_(J)_2534.csv","SittingOnBed"
"2021-05-07-13-04-53-Messung_5_(J)_2535.csv","SittingOnBed"
"2021-05-07-13-04-53-Messung_5_(J)_2536.csv","SittingOnBed"
"2021-05-07-13-04-53-Messung_5_(J)_2537.csv","SittingOnBed"
"2021-05-07-13-04-53-Messung_5_(J)_2538.csv","SittingOnBed"
"2021-05-07-13-04-53-Messung_5_(J)_2539.csv","SittingOnBed"
"2021-05-07-13-04-53-Messung_5_(J)_2540.csv","SittingOnBed"
"2021-05-07-13-04-53-Messung_5_(J)_2541.csv","SittingOnBed"
"2021-05-07-13-04-53-Messung_5_(J)_2542.csv","SittingOnBed"
"2021-05-07-13-04-53-Messung_5_(J)_2543.csv","SittingOnBed"
"2021-05-07-13-04-53-Messung_5_(J)_2544.csv","SittingOnBed"
"2021-05-07-13-04-53-Messung_5_(J)_2545.csv","SittingOnBed"
"2021-05-07-13-04-53-Messung_5_(J)_2546.csv","SittingOnBed"
"2021-05-07-13-04-53-Messung_5_(J)_2547.csv","SittingOnBed"
"2021-05-07-13-04-54-Messung_5_(J)_2548.csv","SittingOnBed"
"2021-05-07-13-04-54-Messung_5_(J)_2549.csv","SittingOnBed"
"2021-05-07-13-04-54-Messung_5_(J)_2550.csv","SittingOnBed"
"2021-05-07-13-04-54-Messung_5_(J)_2551.csv","SittingOnBed"
"2021-05-07-13-04-54-Messung_5_(J)_2552.csv","SittingOnBed"
"2021-05-07-13-04-54-Messung_5_(J)_2553.csv","SittingOnBed"
"2021-05-07-13-04-54-Messung_5_(J)_2554.csv","SittingOnBed"
"2021-05-07-13-04-54-Messung_5_(J)_2555.csv","SittingOnBed"
"2021-05-07-13-04-54-Messung_5_(J)_2556.csv","SittingOnBed"
"2021-05-07-13-04-54-Messung_5_(J)_2557.csv","SittingOnBed"
"2021-05-07-13-04-54-Messung_5_(J)_2558.csv","SittingOnBed"
"2021-05-07-13-04-54-Messung_5_(J)_2559.csv","SittingOnBed"
"2021-05-07-13-04-54-Messung_5_(J)_2560.csv","SittingOnBed"
"2021-05-07-13-04-54-Messung_5_(J)_2561.csv","SittingOnBed"
"2021-05-07-13-04-54-Messung_5_(J)_2562.csv","SittingOnBed"
"2021-05-07-13-04-54-Messung_5_(J)_2563.csv","SittingOnBed"
"2021-05-07-13-04-54-Messung_5_(J)_2564.csv","SittingOnBed"
"2021-05-07-13-04-54-Messung_5_(J)_2565.csv","SittingOnBed"
"2021-05-07-13-04-55-Messung_5_(J)_2566.csv","SittingOnBed"
"2021-05-07-13-04-55-Messung_5_(J)_2567.csv","SittingOnBed"
"2021-05-07-13-04-55-Messung_5_(J)_2568.csv","SittingOnBed"
"2021-05-07-13-04-55-Messung_5_(J)_2569.csv","SittingOnBed"
"2021-05-07-13-04-55-Messung_5_(J)_2570.csv","SittingOnBed"
"2021-05-07-13-04-55-Messung_5_(J)_2571.csv","SittingOnBed"
"2021-05-07-13-04-55-Messung_5_(J)_2572.csv","SittingOnBed"
"2021-05-07-13-04-55-Messung_5_(J)_2573.csv","SittingOnBed"
"2021-05-07-13-04-55-Messung_5_(J)_2574.csv","SittingOnBed"
"2021-05-07-13-04-55-Messung_5_(J)_2575.csv","SittingOnBed"
"2021-05-07-13-04-55-Messung_5_(J)_2576.csv","SittingOnBed"
"2021-05-07-13-04-55-Messung_5_(J)_2577.csv","SittingOnBed"
"2021-05-07-13-04-55-Messung_5_(J)_2578.csv","SittingOnBed"
"2021-05-07-13-04-55-Messung_5_(J)_2579.csv","SittingOnBed"
"2021-05-07-13-04-55-Messung_5_(J)_2580.csv","SittingOnBed"
"2021-05-07-13-04-55-Messung_5_(J)_2581.csv","SittingOnBed"
"2021-05-07-13-04-55-Messung_5_(J)_2582.csv","SittingOnBed"
"2021-05-07-13-04-55-Messung_5_(J)_2583.csv","SittingOnBed"
"2021-05-07-13-04-56-Messung_5_(J)_2584.csv","SittingOnBed"
"2021-05-07-13-04-56-Messung_5_(J)_2585.csv","SittingOnBed"
"2021-05-07-13-04-56-Messung_5_(J)_2586.csv","SittingOnBed"
"2021-05-07-13-04-56-Messung_5_(J)_2587.csv","SittingOnBed"
"2021-05-07-13-04-56-Messung_5_(J)_2588.csv","SittingOnBed"
"2021-05-07-13-04-56-Messung_5_(J)_2589.csv","SittingOnBed"
"2021-05-07-13-04-56-Messung_5_(J)_2590.csv","SittingOnBed"
"2021-05-07-13-04-56-Messung_5_(J)_2591.csv","SittingOnBed"
"2021-05-07-13-04-56-Messung_5_(J)_2592.csv","SittingOnBed"
"2021-05-07-13-04-56-Messung_5_(J)_2593.csv","SittingOnBed"
"2021-05-07-13-04-56-Messung_5_(J)_2594.csv","SittingOnBed"
"2021-05-07-13-04-56-Messung_5_(J)_2595.csv","SittingOnBed"
"2021-05-07-13-04-56-Messung_5_(J)_2596.csv","SittingOnBed"
"2021-05-07-13-04-56-Messung_5_(J)_2597.csv","SittingOnBed"
"2021-05-07-13-04-56-Messung_5_(J)_2598.csv","SittingOnBed"
"2021-05-07-13-04-56-Messung_5_(J)_2599.csv","SittingOnBed"
"2021-05-07-13-04-56-Messung_5_(J)_2600.csv","SittingOnBed"
"2021-05-07-13-04-57-Messung_5_(J)_2601.csv","SittingOnBed"
"2021-05-07-13-04-57-Messung_5_(J)_2602.csv","SittingOnBed"
"2021-05-07-13-04-57-Messung_5_(J)_2603.csv","SittingOnBed"
"2021-05-07-13-04-57-Messung_5_(J)_2604.csv","SittingOnBed"
"2021-05-07-13-04-57-Messung_5_(J)_2605.csv","SittingOnBed"
"2021-05-07-13-04-57-Messung_5_(J)_2606.csv","SittingOnBed"
"2021-05-07-13-04-57-Messung_5_(J)_2607.csv","SittingOnBed"
"2021-05-07-13-04-57-Messung_5_(J)_2608.csv","SittingOnBed"
"2021-05-07-13-04-57-Messung_5_(J)_2609.csv","SittingOnBed"
"2021-05-07-13-04-57-Messung_5_(J)_2610.csv","SittingOnBed"
"2021-05-07-13-04-57-Messung_5_(J)_2611.csv","SittingOnBed"
"2021-05-07-13-04-57-Messung_5_(J)_2612.csv","SittingOnBed"
"2021-05-07-13-04-57-Messung_5_(J)_2613.csv","SittingOnBed"
"2021-05-07-13-04-57-Messung_5_(J)_2614.csv","SittingOnBed"
"2021-05-07-13-04-57-Messung_5_(J)_2615.csv","SittingOnBed"
"2021-05-07-13-04-57-Messung_5_(J)_2616.csv","SittingOnBed"
"2021-05-07-13-04-57-Messung_5_(J)_2617.csv","SittingOnBed"
"2021-05-07-13-04-57-Messung_5_(J)_2618.csv","SittingOnBed"
"2021-05-07-13-04-58-Messung_5_(J)_2619.csv","SittingOnBed"
"2021-05-07-13-04-58-Messung_5_(J)_2620.csv","SittingOnBed"
"2021-05-07-13-04-58-Messung_5_(J)_2621.csv","SittingOnBed"
"2021-05-07-13-04-58-Messung_5_(J)_2622.csv","SittingOnBed"
"2021-05-07-13-04-58-Messung_5_(J)_2623.csv","SittingOnBed"
"2021-05-07-13-04-58-Messung_5_(J)_2624.csv","SittingOnBed"
"2021-05-07-13-04-58-Messung_5_(J)_2625.csv","SittingOnBed"
"2021-05-07-13-04-58-Messung_5_(J)_2626.csv","SittingOnBed"
"2021-05-07-13-04-58-Messung_5_(J)_2627.csv","SittingOnBed"
"2021-05-07-13-04-58-Messung_5_(J)_2628.csv","SittingOnBed"
"2021-05-07-13-04-58-Messung_5_(J)_2629.csv","SittingOnBed"
"2021-05-07-13-04-58-Messung_5_(J)_2630.csv","SittingOnBed"
"2021-05-07-13-04-58-Messung_5_(J)_2631.csv","SittingOnBed"
"2021-05-07-13-04-58-Messung_5_(J)_2632.csv","SittingOnBed"
"2021-05-07-13-04-58-Messung_5_(J)_2633.csv","SittingOnBed"
"2021-05-07-13-04-58-Messung_5_(J)_2634.csv","SittingOnBed"
"2021-05-07-13-04-58-Messung_5_(J)_2635.csv","SittingOnBed"
"2021-05-07-13-04-58-Messung_5_(J)_2636.csv","SittingOnBed"
"2021-05-07-13-04-59-Messung_5_(J)_2637.csv","SittingOnBed"
"2021-05-07-13-04-59-Messung_5_(J)_2638.csv","SittingOnBed"
"2021-05-07-13-04-59-Messung_5_(J)_2639.csv","SittingOnBed"
"2021-05-07-13-04-59-Messung_5_(J)_2640.csv","SittingOnBed"
"2021-05-07-13-04-59-Messung_5_(J)_2641.csv","SittingOnBed"
"2021-05-07-13-04-59-Messung_5_(J)_2642.csv","SittingOnBed"
"2021-05-07-13-04-59-Messung_5_(J)_2643.csv","SittingOnBed"
"2021-05-07-13-04-59-Messung_5_(J)_2644.csv","SittingOnBed"
"2021-05-07-13-04-59-Messung_5_(J)_2645.csv","SittingOnBed"
"2021-05-07-13-04-59-Messung_5_(J)_2646.csv","SittingOnBed"
"2021-05-07-13-04-59-Messung_5_(J)_2647.csv","SittingOnBed"
"2021-05-07-13-04-59-Messung_5_(J)_2648.csv","SittingOnBed"
"2021-05-07-13-04-59-Messung_5_(J)_2649.csv","SittingOnBed"
"2021-05-07-13-04-59-Messung_5_(J)_2650.csv","SittingOnBed"
"2021-05-07-13-04-59-Messung_5_(J)_2651.csv","SittingOnBed"
"2021-05-07-13-04-59-Messung_5_(J)_2652.csv","SittingOnBed"
"2021-05-07-13-04-59-Messung_5_(J)_2653.csv","SittingOnBed"
"2021-05-07-13-04-59-Messung_5_(J)_2654.csv","SittingOnBed"
"2021-05-07-13-05-00-Messung_5_(J)_2655.csv","SittingOnBed"
"2021-05-07-13-05-00-Messung_5_(J)_2656.csv","SittingOnBed"
"2021-05-07-13-05-00-Messung_5_(J)_2657.csv","SittingOnBed"
"2021-05-07-13-05-00-Messung_5_(J)_2658.csv","SittingOnBed"
"2021-05-07-13-05-00-Messung_5_(J)_2659.csv","SittingOnBed"
"2021-05-07-13-05-00-Messung_5_(J)_2660.csv","SittingOnBed"
"2021-05-07-13-05-00-Messung_5_(J)_2661.csv","SittingOnBed"
"2021-05-07-13-05-00-Messung_5_(J)_2662.csv","SittingOnBed"
"2021-05-07-13-05-00-Messung_5_(J)_2663.csv","SittingOnBed"
"2021-05-07-13-05-00-Messung_5_(J)_2664.csv","SittingOnBed"
"2021-05-07-13-05-00-Messung_5_(J)_2665.csv","SittingOnBed"
"2021-05-07-13-05-00-Messung_5_(J)_2666.csv","SittingOnBed"
"2021-05-07-13-05-00-Messung_5_(J)_2667.csv","SittingOnBed"
"2021-05-07-13-05-00-Messung_5_(J)_2668.csv","Changing"
"2021-05-07-13-05-00-Messung_5_(J)_2669.csv","Changing"
"2021-05-07-13-05-00-Messung_5_(J)_2670.csv","Changing"
"2021-05-07-13-05-00-Messung_5_(J)_2671.csv","Changing"
"2021-05-07-13-05-01-Messung_5_(J)_2672.csv","Changing"
"2021-05-07-13-05-01-Messung_5_(J)_2673.csv","Changing"
"2021-05-07-13-05-01-Messung_5_(J)_2674.csv","Changing"
"2021-05-07-13-05-01-Messung_5_(J)_2675.csv","Changing"
"2021-05-07-13-05-01-Messung_5_(J)_2676.csv","Changing"
"2021-05-07-13-05-01-Messung_5_(J)_2677.csv","Changing"
"2021-05-07-13-05-01-Messung_5_(J)_2678.csv","Changing"
"2021-05-07-13-05-01-Messung_5_(J)_2679.csv","Changing"
"2021-05-07-13-05-01-Messung_5_(J)_2680.csv","Changing"
"2021-05-07-13-05-01-Messung_5_(J)_2681.csv","Changing"
"2021-05-07-13-05-01-Messung_5_(J)_2682.csv","Changing"
"2021-05-07-13-05-01-Messung_5_(J)_2683.csv","Changing"
"2021-05-07-13-05-01-Messung_5_(J)_2684.csv","Changing"
"2021-05-07-13-05-01-Messung_5_(J)_2685.csv","Changing"
"2021-05-07-13-05-01-Messung_5_(J)_2686.csv","Changing"
"2021-05-07-13-05-01-Messung_5_(J)_2687.csv","Changing"
"2021-05-07-13-05-01-Messung_5_(J)_2688.csv","Changing"
"2021-05-07-13-05-01-Messung_5_(J)_2689.csv","Changing"
"2021-05-07-13-05-02-Messung_5_(J)_2690.csv","Changing"
"2021-05-07-13-05-02-Messung_5_(J)_2691.csv","Changing"
"2021-05-07-13-05-02-Messung_5_(J)_2692.csv","Changing"
"2021-05-07-13-05-02-Messung_5_(J)_2693.csv","Changing"
"2021-05-07-13-05-02-Messung_5_(J)_2694.csv","Changing"
"2021-05-07-13-05-02-Messung_5_(J)_2695.csv","Changing"
"2021-05-07-13-05-02-Messung_5_(J)_2696.csv","Changing"
"2021-05-07-13-05-02-Messung_5_(J)_2697.csv","Changing"
"2021-05-07-13-05-02-Messung_5_(J)_2698.csv","Changing"
"2021-05-07-13-05-02-Messung_5_(J)_2699.csv","Changing"
"2021-05-07-13-05-02-Messung_5_(J)_2700.csv","Changing"
"2021-05-07-13-05-02-Messung_5_(J)_2701.csv","Changing"
"2021-05-07-13-05-02-Messung_5_(J)_2702.csv","Changing"
"2021-05-07-13-05-02-Messung_5_(J)_2703.csv","Changing"
"2021-05-07-13-05-02-Messung_5_(J)_2704.csv","Changing"
"2021-05-07-13-05-02-Messung_5_(J)_2705.csv","Changing"
"2021-05-07-13-05-02-Messung_5_(J)_2706.csv","Changing"
"2021-05-07-13-05-02-Messung_5_(J)_2707.csv","Changing"
"2021-05-07-13-05-03-Messung_5_(J)_2708.csv","Changing"
"2021-05-07-13-05-03-Messung_5_(J)_2709.csv","Changing"
"2021-05-07-13-05-03-Messung_5_(J)_2710.csv","Changing"
"2021-05-07-13-05-03-Messung_5_(J)_2711.csv","Changing"
"2021-05-07-13-05-03-Messung_5_(J)_2712.csv","Changing"
"2021-05-07-13-05-03-Messung_5_(J)_2713.csv","Changing"
"2021-05-07-13-05-03-Messung_5_(J)_2714.csv","Supine"
"2021-05-07-13-05-03-Messung_5_(J)_2715.csv","Supine"
"2021-05-07-13-05-03-Messung_5_(J)_2716.csv","Supine"
"2021-05-07-13-05-03-Messung_5_(J)_2717.csv","Supine"
"2021-05-07-13-05-03-Messung_5_(J)_2718.csv","Supine"
"2021-05-07-13-05-03-Messung_5_(J)_2719.csv","Supine"
"2021-05-07-13-05-03-Messung_5_(J)_2720.csv","Supine"
"2021-05-07-13-05-03-Messung_5_(J)_2721.csv","Supine"
"2021-05-07-13-05-03-Messung_5_(J)_2722.csv","Supine"
"2021-05-07-13-05-03-Messung_5_(J)_2723.csv","Supine"
"2021-05-07-13-05-03-Messung_5_(J)_2724.csv","Supine"
"2021-05-07-13-05-04-Messung_5_(J)_2725.csv","Supine"
"2021-05-07-13-05-04-Messung_5_(J)_2726.csv","Supine"
"2021-05-07-13-05-04-Messung_5_(J)_2727.csv","Supine"
"2021-05-07-13-05-04-Messung_5_(J)_2728.csv","Supine"
"2021-05-07-13-05-04-Messung_5_(J)_2729.csv","Supine"
"2021-05-07-13-05-04-Messung_5_(J)_2730.csv","Supine"
"2021-05-07-13-05-04-Messung_5_(J)_2731.csv","Supine"
"2021-05-07-13-05-04-Messung_5_(J)_2732.csv","Supine"
"2021-05-07-13-05-04-Messung_5_(J)_2733.csv","Supine"
"2021-05-07-13-05-04-Messung_5_(J)_2734.csv","Supine"
"2021-05-07-13-05-04-Messung_5_(J)_2735.csv","Supine"
"2021-05-07-13-05-04-Messung_5_(J)_2736.csv","Supine"
"2021-05-07-13-05-04-Messung_5_(J)_2737.csv","Supine"
"2021-05-07-13-05-04-Messung_5_(J)_2738.csv","Supine"
"2021-05-07-13-05-04-Messung_5_(J)_2739.csv","Supine"
"2021-05-07-13-05-04-Messung_5_(J)_2740.csv","Supine"
"2021-05-07-13-05-04-Messung_5_(J)_2741.csv","Supine"
"2021-05-07-13-05-04-Messung_5_(J)_2742.csv","Supine"
"2021-05-07-13-05-05-Messung_5_(J)_2743.csv","Supine"
"2021-05-07-13-05-05-Messung_5_(J)_2744.csv","Supine"
"2021-05-07-13-05-05-Messung_5_(J)_2745.csv","Supine"
"2021-05-07-13-05-05-Messung_5_(J)_2746.csv","Supine"
"2021-05-07-13-05-05-Messung_5_(J)_2747.csv","Supine"
"2021-05-07-13-05-05-Messung_5_(J)_2748.csv","Supine"
"2021-05-07-13-05-05-Messung_5_(J)_2749.csv","Supine"
"2021-05-07-13-05-05-Messung_5_(J)_2750.csv","Supine"
"2021-05-07-13-05-05-Messung_5_(J)_2751.csv","Supine"
"2021-05-07-13-05-05-Messung_5_(J)_2752.csv","Supine"
"2021-05-07-13-05-05-Messung_5_(J)_2753.csv","Supine"
"2021-05-07-13-05-05-Messung_5_(J)_2754.csv","Supine"
"2021-05-07-13-05-05-Messung_5_(J)_2755.csv","Supine"
"2021-05-07-13-05-05-Messung_5_(J)_2756.csv","Supine"
"2021-05-07-13-05-05-Messung_5_(J)_2757.csv","Supine"
"2021-05-07-13-05-05-Messung_5_(J)_2758.csv","Supine"
"2021-05-07-13-05-05-Messung_5_(J)_2759.csv","Supine"
"2021-05-07-13-05-05-Messung_5_(J)_2760.csv","Supine"
"2021-05-07-13-05-06-Messung_5_(J)_2761.csv","Supine"
"2021-05-07-13-05-06-Messung_5_(J)_2762.csv","Supine"
"2021-05-07-13-05-06-Messung_5_(J)_2763.csv","Supine"
"2021-05-07-13-05-06-Messung_5_(J)_2764.csv","Supine"
"2021-05-07-13-05-06-Messung_5_(J)_2765.csv","Supine"
"2021-05-07-13-05-06-Messung_5_(J)_2766.csv","Supine"
"2021-05-07-13-05-06-Messung_5_(J)_2767.csv","Supine"
"2021-05-07-13-05-06-Messung_5_(J)_2768.csv","Supine"
"2021-05-07-13-05-06-Messung_5_(J)_2769.csv","Supine"
"2021-05-07-13-05-06-Messung_5_(J)_2770.csv","Supine"
"2021-05-07-13-05-06-Messung_5_(J)_2771.csv","Supine"
"2021-05-07-13-05-06-Messung_5_(J)_2772.csv","Supine"
"2021-05-07-13-05-06-Messung_5_(J)_2773.csv","Supine"
"2021-05-07-13-05-06-Messung_5_(J)_2774.csv","Supine"
"2021-05-07-13-05-06-Messung_5_(J)_2775.csv","Supine"
"2021-05-07-13-05-06-Messung_5_(J)_2776.csv","Supine"
"2021-05-07-13-05-06-Messung_5_(J)_2777.csv","Supine"
"2021-05-07-13-05-07-Messung_5_(J)_2778.csv","Supine"
"2021-05-07-13-05-07-Messung_5_(J)_2779.csv","Supine"
"2021-05-07-13-05-07-Messung_5_(J)_2780.csv","Supine"
"2021-05-07-13-05-07-Messung_5_(J)_2781.csv","Supine"
"2021-05-07-13-05-07-Messung_5_(J)_2782.csv","Supine"
"2021-05-07-13-05-07-Messung_5_(J)_2783.csv","Supine"
"2021-05-07-13-05-07-Messung_5_(J)_2784.csv","Supine"
"2021-05-07-13-05-07-Messung_5_(J)_2785.csv","Supine"
"2021-05-07-13-05-07-Messung_5_(J)_2786.csv","Supine"
"2021-05-07-13-05-07-Messung_5_(J)_2787.csv","Supine"
"2021-05-07-13-05-07-Messung_5_(J)_2788.csv","Supine"
"2021-05-07-13-05-07-Messung_5_(J)_2789.csv","Supine"
"2021-05-07-13-05-07-Messung_5_(J)_2790.csv","Supine"
"2021-05-07-13-05-07-Messung_5_(J)_2791.csv","Supine"
"2021-05-07-13-05-07-Messung_5_(J)_2792.csv","Supine"
"2021-05-07-13-05-07-Messung_5_(J)_2793.csv","Supine"
"2021-05-07-13-05-07-Messung_5_(J)_2794.csv","Supine"
"2021-05-07-13-05-07-Messung_5_(J)_2795.csv","Supine"
"2021-05-07-13-05-08-Messung_5_(J)_2796.csv","Supine"
"2021-05-07-13-05-08-Messung_5_(J)_2797.csv","Supine"
"2021-05-07-13-05-08-Messung_5_(J)_2798.csv","Supine"
"2021-05-07-13-05-08-Messung_5_(J)_2799.csv","Supine"
"2021-05-07-13-05-08-Messung_5_(J)_2800.csv","Supine"
"2021-05-07-13-05-08-Messung_5_(J)_2801.csv","Supine"
"2021-05-07-13-05-08-Messung_5_(J)_2802.csv","Supine"
"2021-05-07-13-05-08-Messung_5_(J)_2803.csv","Supine"
"2021-05-07-13-05-08-Messung_5_(J)_2804.csv","Supine"
"2021-05-07-13-05-08-Messung_5_(J)_2805.csv","Supine"
"2021-05-07-13-05-08-Messung_5_(J)_2806.csv","Supine"
"2021-05-07-13-05-08-Messung_5_(J)_2807.csv","Supine"
"2021-05-07-13-05-08-Messung_5_(J)_2808.csv","Supine"
"2021-05-07-13-05-08-Messung_5_(J)_2809.csv","Supine"
"2021-05-07-13-05-08-Messung_5_(J)_2810.csv","Supine"
"2021-05-07-13-05-08-Messung_5_(J)_2811.csv","Supine"
"2021-05-07-13-05-08-Messung_5_(J)_2812.csv","Supine"
"2021-05-07-13-05-08-Messung_5_(J)_2813.csv","Supine"
"2021-05-07-13-05-09-Messung_5_(J)_2814.csv","Supine"
"2021-05-07-13-05-09-Messung_5_(J)_2815.csv","Supine"
"2021-05-07-13-05-09-Messung_5_(J)_2816.csv","Supine"
"2021-05-07-13-05-09-Messung_5_(J)_2817.csv","Supine"
"2021-05-07-13-05-09-Messung_5_(J)_2818.csv","Supine"
"2021-05-07-13-05-09-Messung_5_(J)_2819.csv","Supine"
"2021-05-07-13-05-09-Messung_5_(J)_2820.csv","Supine"
"2021-05-07-13-05-09-Messung_5_(J)_2821.csv","Supine"
"2021-05-07-13-05-09-Messung_5_(J)_2822.csv","Supine"
"2021-05-07-13-05-09-Messung_5_(J)_2823.csv","Supine"
"2021-05-07-13-05-09-Messung_5_(J)_2824.csv","Supine"
"2021-05-07-13-05-09-Messung_5_(J)_2825.csv","Supine"
"2021-05-07-13-05-09-Messung_5_(J)_2826.csv","Supine"
"2021-05-07-13-05-09-Messung_5_(J)_2827.csv","Supine"
"2021-05-07-13-05-09-Messung_5_(J)_2828.csv","Supine"
"2021-05-07-13-05-09-Messung_5_(J)_2829.csv","Supine"
"2021-05-07-13-05-09-Messung_5_(J)_2830.csv","Supine"
"2021-05-07-13-05-10-Messung_5_(J)_2831.csv","Supine"
"2021-05-07-13-05-10-Messung_5_(J)_2832.csv","Supine"
"2021-05-07-13-05-10-Messung_5_(J)_2833.csv","Supine"
"2021-05-07-13-05-10-Messung_5_(J)_2834.csv","Supine"
"2021-05-07-13-05-10-Messung_5_(J)_2835.csv","Supine"
"2021-05-07-13-05-10-Messung_5_(J)_2836.csv","Supine"
"2021-05-07-13-05-10-Messung_5_(J)_2837.csv","Supine"
"2021-05-07-13-05-10-Messung_5_(J)_2838.csv","Supine"
"2021-05-07-13-05-10-Messung_5_(J)_2839.csv","Supine"
"2021-05-07-13-05-10-Messung_5_(J)_2840.csv","Supine"
"2021-05-07-13-05-10-Messung_5_(J)_2841.csv","Supine"
"2021-05-07-13-05-10-Messung_5_(J)_2842.csv","Supine"
"2021-05-07-13-05-10-Messung_5_(J)_2843.csv","Supine"
"2021-05-07-13-05-10-Messung_5_(J)_2844.csv","Supine"
"2021-05-07-13-05-10-Messung_5_(J)_2845.csv","Supine"
"2021-05-07-13-05-10-Messung_5_(J)_2846.csv","Supine"
"2021-05-07-13-05-10-Messung_5_(J)_2847.csv","Supine"
"2021-05-07-13-05-10-Messung_5_(J)_2848.csv","Supine"
"2021-05-07-13-05-11-Messung_5_(J)_2849.csv","Supine"
"2021-05-07-13-05-11-Messung_5_(J)_2850.csv","Supine"
"2021-05-07-13-05-11-Messung_5_(J)_2851.csv","Supine"
"2021-05-07-13-05-11-Messung_5_(J)_2852.csv","Supine"
"2021-05-07-13-05-11-Messung_5_(J)_2853.csv","Supine"
"2021-05-07-13-05-11-Messung_5_(J)_2854.csv","Supine"
"2021-05-07-13-05-11-Messung_5_(J)_2855.csv","Supine"
"2021-05-07-13-05-11-Messung_5_(J)_2856.csv","Supine"
"2021-05-07-13-05-11-Messung_5_(J)_2857.csv","Supine"
"2021-05-07-13-05-11-Messung_5_(J)_2858.csv","Supine"
"2021-05-07-13-05-11-Messung_5_(J)_2859.csv","Supine"
"2021-05-07-13-05-11-Messung_5_(J)_2860.csv","Supine"
"2021-05-07-13-05-11-Messung_5_(J)_2861.csv","Supine"
"2021-05-07-13-05-11-Messung_5_(J)_2862.csv","Supine"
"2021-05-07-13-05-11-Messung_5_(J)_2863.csv","Supine"
"2021-05-07-13-05-11-Messung_5_(J)_2864.csv","Supine"
"2021-05-07-13-05-11-Messung_5_(J)_2865.csv","Supine"
"2021-05-07-13-05-11-Messung_5_(J)_2866.csv","Supine"
"2021-05-07-13-05-12-Messung_5_(J)_2867.csv","Supine"
"2021-05-07-13-05-12-Messung_5_(J)_2868.csv","Supine"
"2021-05-07-13-05-12-Messung_5_(J)_2869.csv","Supine"
"2021-05-07-13-05-12-Messung_5_(J)_2870.csv","Supine"
"2021-05-07-13-05-12-Messung_5_(J)_2871.csv","Supine"
"2021-05-07-13-05-12-Messung_5_(J)_2872.csv","Supine"
"2021-05-07-13-05-12-Messung_5_(J)_2873.csv","Supine"
"2021-05-07-13-05-12-Messung_5_(J)_2874.csv","Supine"
"2021-05-07-13-05-12-Messung_5_(J)_2875.csv","Supine"
"2021-05-07-13-05-12-Messung_5_(J)_2876.csv","Supine"
"2021-05-07-13-05-12-Messung_5_(J)_2877.csv","Supine"
"2021-05-07-13-05-12-Messung_5_(J)_2878.csv","Supine"
"2021-05-07-13-05-12-Messung_5_(J)_2879.csv","Supine"
"2021-05-07-13-05-12-Messung_5_(J)_2880.csv","Supine"
"2021-05-07-13-05-12-Messung_5_(J)_2881.csv","Supine"
"2021-05-07-13-05-12-Messung_5_(J)_2882.csv","Supine"
"2021-05-07-13-05-12-Messung_5_(J)_2883.csv","Supine"
"2021-05-07-13-05-13-Messung_5_(J)_2884.csv","Supine"
"2021-05-07-13-05-13-Messung_5_(J)_2885.csv","Supine"
"2021-05-07-13-05-13-Messung_5_(J)_2886.csv","Supine"
"2021-05-07-13-05-13-Messung_5_(J)_2887.csv","Supine"
"2021-05-07-13-05-13-Messung_5_(J)_2888.csv","Supine"
"2021-05-07-13-05-13-Messung_5_(J)_2889.csv","Supine"
"2021-05-07-13-05-13-Messung_5_(J)_2890.csv","Supine"
"2021-05-07-13-05-13-Messung_5_(J)_2891.csv","Supine"
"2021-05-07-13-05-13-Messung_5_(J)_2892.csv","Supine"
"2021-05-07-13-05-13-Messung_5_(J)_2893.csv","Supine"
"2021-05-07-13-05-13-Messung_5_(J)_2894.csv","Supine"
"2021-05-07-13-05-13-Messung_5_(J)_2895.csv","Supine"
"2021-05-07-13-05-13-Messung_5_(J)_2896.csv","Supine"
"2021-05-07-13-05-13-Messung_5_(J)_2897.csv","Supine"
"2021-05-07-13-05-13-Messung_5_(J)_2898.csv","Supine"
"2021-05-07-13-05-13-Messung_5_(J)_2899.csv","Supine"
"2021-05-07-13-05-13-Messung_5_(J)_2900.csv","Supine"
"2021-05-07-13-05-13-Messung_5_(J)_2901.csv","Supine"
"2021-05-07-13-05-14-Messung_5_(J)_2902.csv","Supine"
"2021-05-07-13-05-14-Messung_5_(J)_2903.csv","Supine"
"2021-05-07-13-05-14-Messung_5_(J)_2904.csv","Supine"
"2021-05-07-13-05-14-Messung_5_(J)_2905.csv","Supine"
"2021-05-07-13-05-14-Messung_5_(J)_2906.csv","Supine"
"2021-05-07-13-05-14-Messung_5_(J)_2907.csv","Supine"
"2021-05-07-13-05-14-Messung_5_(J)_2908.csv","Supine"
"2021-05-07-13-05-14-Messung_5_(J)_2909.csv","Supine"
"2021-05-07-13-05-14-Messung_5_(J)_2910.csv","Supine"
"2021-05-07-13-05-14-Messung_5_(J)_2911.csv","Supine"
"2021-05-07-13-05-14-Messung_5_(J)_2912.csv","Supine"
"2021-05-07-13-05-14-Messung_5_(J)_2913.csv","Supine"
"2021-05-07-13-05-14-Messung_5_(J)_2914.csv","Supine"
"2021-05-07-13-05-14-Messung_5_(J)_2915.csv","Supine"
"2021-05-07-13-05-14-Messung_5_(J)_2916.csv","Supine"
"2021-05-07-13-05-14-Messung_5_(J)_2917.csv","Supine"
"2021-05-07-13-05-14-Messung_5_(J)_2918.csv","Supine"
"2021-05-07-13-05-14-Messung_5_(J)_2919.csv","Supine"
"2021-05-07-13-05-15-Messung_5_(J)_2920.csv","Supine"
"2021-05-07-13-05-15-Messung_5_(J)_2921.csv","Supine"
"2021-05-07-13-05-15-Messung_5_(J)_2922.csv","Supine"
"2021-05-07-13-05-15-Messung_5_(J)_2923.csv","Supine"
"2021-05-07-13-05-15-Messung_5_(J)_2924.csv","Supine"
"2021-05-07-13-05-15-Messung_5_(J)_2925.csv","Supine"
"2021-05-07-13-05-15-Messung_5_(J)_2926.csv","Supine"
"2021-05-07-13-05-15-Messung_5_(J)_2927.csv","Supine"
"2021-05-07-13-05-15-Messung_5_(J)_2928.csv","Supine"
"2021-05-07-13-05-15-Messung_5_(J)_2929.csv","Supine"
"2021-05-07-13-05-15-Messung_5_(J)_2930.csv","Supine"
"2021-05-07-13-05-15-Messung_5_(J)_2931.csv","Supine"
"2021-05-07-13-05-15-Messung_5_(J)_2932.csv","Supine"
"2021-05-07-13-05-15-Messung_5_(J)_2933.csv","Supine"
"2021-05-07-13-05-15-Messung_5_(J)_2934.csv","Supine"
"2021-05-07-13-05-15-Messung_5_(J)_2935.csv","Supine"
"2021-05-07-13-05-15-Messung_5_(J)_2936.csv","Supine"
"2021-05-07-13-05-16-Messung_5_(J)_2937.csv","Supine"
"2021-05-07-13-05-16-Messung_5_(J)_2938.csv","Supine"
"2021-05-07-13-05-16-Messung_5_(J)_2939.csv","Supine"
"2021-05-07-13-05-16-Messung_5_(J)_2940.csv","Supine"
"2021-05-07-13-05-16-Messung_5_(J)_2941.csv","Supine"
"2021-05-07-13-05-16-Messung_5_(J)_2942.csv","Supine"
"2021-05-07-13-05-16-Messung_5_(J)_2943.csv","Supine"
"2021-05-07-13-05-16-Messung_5_(J)_2944.csv","Supine"
"2021-05-07-13-05-16-Messung_5_(J)_2945.csv","Supine"
"2021-05-07-13-05-16-Messung_5_(J)_2946.csv","Supine"
"2021-05-07-13-05-16-Messung_5_(J)_2947.csv","Supine"
"2021-05-07-13-05-16-Messung_5_(J)_2948.csv","Supine"
"2021-05-07-13-05-16-Messung_5_(J)_2949.csv","Supine"
"2021-05-07-13-05-16-Messung_5_(J)_2950.csv","Supine"
"2021-05-07-13-05-16-Messung_5_(J)_2951.csv","Supine"
"2021-05-07-13-05-16-Messung_5_(J)_2952.csv","Supine"
"2021-05-07-13-05-16-Messung_5_(J)_2953.csv","Supine"
"2021-05-07-13-05-16-Messung_5_(J)_2954.csv","Supine"
"2021-05-07-13-05-17-Messung_5_(J)_2955.csv","Supine"
"2021-05-07-13-05-17-Messung_5_(J)_2956.csv","Supine"
"2021-05-07-13-05-17-Messung_5_(J)_2957.csv","Supine"
"2021-05-07-13-05-17-Messung_5_(J)_2958.csv","Supine"
"2021-05-07-13-05-17-Messung_5_(J)_2959.csv","Supine"
"2021-05-07-13-05-17-Messung_5_(J)_2960.csv","Supine"
"2021-05-07-13-05-17-Messung_5_(J)_2961.csv","Supine"
"2021-05-07-13-05-17-Messung_5_(J)_2962.csv","Supine"
"2021-05-07-13-05-17-Messung_5_(J)_2963.csv","Supine"
"2021-05-07-13-05-17-Messung_5_(J)_2964.csv","Supine"
"2021-05-07-13-05-17-Messung_5_(J)_2965.csv","Supine"
"2021-05-07-13-05-17-Messung_5_(J)_2966.csv","Supine"
"2021-05-07-13-05-17-Messung_5_(J)_2967.csv","Supine"
"2021-05-07-13-05-17-Messung_5_(J)_2968.csv","Supine"
"2021-05-07-13-05-17-Messung_5_(J)_2969.csv","Supine"
"2021-05-07-13-05-17-Messung_5_(J)_2970.csv","Supine"
"2021-05-07-13-05-17-Messung_5_(J)_2971.csv","Supine"
"2021-05-07-13-05-17-Messung_5_(J)_2972.csv","Supine"
"2021-05-07-13-05-18-Messung_5_(J)_2973.csv","Supine"
"2021-05-07-13-05-18-Messung_5_(J)_2974.csv","Supine"
"2021-05-07-13-05-18-Messung_5_(J)_2975.csv","Supine"
"2021-05-07-13-05-18-Messung_5_(J)_2976.csv","Supine"
"2021-05-07-13-05-18-Messung_5_(J)_2977.csv","Supine"
"2021-05-07-13-05-18-Messung_5_(J)_2978.csv","Supine"
"2021-05-07-13-05-18-Messung_5_(J)_2979.csv","Supine"
"2021-05-07-13-05-18-Messung_5_(J)_2980.csv","Supine"
"2021-05-07-13-05-18-Messung_5_(J)_2981.csv","Supine"
"2021-05-07-13-05-18-Messung_5_(J)_2982.csv","Supine"
"2021-05-07-13-05-18-Messung_5_(J)_2983.csv","Supine"
"2021-05-07-13-05-18-Messung_5_(J)_2984.csv","Supine"
"2021-05-07-13-05-18-Messung_5_(J)_2985.csv","Supine"
"2021-05-07-13-05-18-Messung_5_(J)_2986.csv","Supine"
"2021-05-07-13-05-18-Messung_5_(J)_2987.csv","Supine"
"2021-05-07-13-05-18-Messung_5_(J)_2988.csv","Supine"
"2021-05-07-13-05-18-Messung_5_(J)_2989.csv","Supine"
"2021-05-07-13-05-19-Messung_5_(J)_2990.csv","Supine"
"2021-05-07-13-05-19-Messung_5_(J)_2991.csv","Supine"
"2021-05-07-13-05-19-Messung_5_(J)_2992.csv","Supine"
"2021-05-07-13-05-19-Messung_5_(J)_2993.csv","Supine"
"2021-05-07-13-05-19-Messung_5_(J)_2994.csv","Supine"
"2021-05-07-13-05-19-Messung_5_(J)_2995.csv","Supine"
"2021-05-07-13-05-19-Messung_5_(J)_2996.csv","Supine"
"2021-05-07-13-05-19-Messung_5_(J)_2997.csv","Supine"
"2021-05-07-13-05-19-Messung_5_(J)_2998.csv","Supine"
"2021-05-07-13-05-19-Messung_5_(J)_2999.csv","Supine"
"2021-05-07-13-05-19-Messung_5_(J)_3000.csv","Supine"
"2021-05-07-13-05-19-Messung_5_(J)_3001.csv","Supine"
"2021-05-07-13-05-19-Messung_5_(J)_3002.csv","Supine"
"2021-05-07-13-05-19-Messung_5_(J)_3003.csv","Supine"
"2021-05-07-13-05-19-Messung_5_(J)_3004.csv","Supine"
"2021-05-07-13-05-19-Messung_5_(J)_3005.csv","Supine"
"2021-05-07-13-05-19-Messung_5_(J)_3006.csv","Supine"
"2021-05-07-13-05-19-Messung_5_(J)_3007.csv","Supine"
"2021-05-07-13-05-20-Messung_5_(J)_3008.csv","Supine"
"2021-05-07-13-05-20-Messung_5_(J)_3009.csv","Supine"
"2021-05-07-13-05-20-Messung_5_(J)_3010.csv","Supine"
"2021-05-07-13-05-20-Messung_5_(J)_3011.csv","Supine"
"2021-05-07-13-05-20-Messung_5_(J)_3012.csv","Supine"
"2021-05-07-13-05-20-Messung_5_(J)_3013.csv","Supine"
"2021-05-07-13-05-20-Messung_5_(J)_3014.csv","Supine"
"2021-05-07-13-05-20-Messung_5_(J)_3015.csv","Supine"
"2021-05-07-13-05-20-Messung_5_(J)_3016.csv","Supine"
"2021-05-07-13-05-20-Messung_5_(J)_3017.csv","Supine"
"2021-05-07-13-05-20-Messung_5_(J)_3018.csv","Supine"
"2021-05-07-13-05-20-Messung_5_(J)_3019.csv","Supine"
"2021-05-07-13-05-20-Messung_5_(J)_3020.csv","Supine"
"2021-05-07-13-05-20-Messung_5_(J)_3021.csv","Supine"
"2021-05-07-13-05-20-Messung_5_(J)_3022.csv","Supine"
"2021-05-07-13-05-20-Messung_5_(J)_3023.csv","Supine"
"2021-05-07-13-05-20-Messung_5_(J)_3024.csv","Supine"
"2021-05-07-13-05-20-Messung_5_(J)_3025.csv","Supine"
"2021-05-07-13-05-21-Messung_5_(J)_3026.csv","Supine"
"2021-05-07-13-05-21-Messung_5_(J)_3027.csv","Supine"
"2021-05-07-13-05-21-Messung_5_(J)_3028.csv","Supine"
"2021-05-07-13-05-21-Messung_5_(J)_3029.csv","Supine"
"2021-05-07-13-05-21-Messung_5_(J)_3030.csv","Supine"
"2021-05-07-13-05-21-Messung_5_(J)_3031.csv","Supine"
"2021-05-07-13-05-21-Messung_5_(J)_3032.csv","Supine"
"2021-05-07-13-05-21-Messung_5_(J)_3033.csv","Supine"
"2021-05-07-13-05-21-Messung_5_(J)_3034.csv","Supine"
"2021-05-07-13-05-21-Messung_5_(J)_3035.csv","Supine"
"2021-05-07-13-05-21-Messung_5_(J)_3036.csv","Supine"
"2021-05-07-13-05-21-Messung_5_(J)_3037.csv","Supine"
"2021-05-07-13-05-21-Messung_5_(J)_3038.csv","Supine"
"2021-05-07-13-05-21-Messung_5_(J)_3039.csv","Supine"
"2021-05-07-13-05-21-Messung_5_(J)_3040.csv","Supine"
"2021-05-07-13-05-21-Messung_5_(J)_3041.csv","Supine"
"2021-05-07-13-05-21-Messung_5_(J)_3042.csv","Supine"
"2021-05-07-13-05-22-Messung_5_(J)_3043.csv","Supine"
"2021-05-07-13-05-22-Messung_5_(J)_3044.csv","Supine"
"2021-05-07-13-05-22-Messung_5_(J)_3045.csv","Supine"
"2021-05-07-13-05-22-Messung_5_(J)_3046.csv","Supine"
"2021-05-07-13-05-22-Messung_5_(J)_3047.csv","Supine"
"2021-05-07-13-05-22-Messung_5_(J)_3048.csv","Supine"
"2021-05-07-13-05-22-Messung_5_(J)_3049.csv","Supine"
"2021-05-07-13-05-22-Messung_5_(J)_3050.csv","Supine"
"2021-05-07-13-05-22-Messung_5_(J)_3051.csv","Supine"
"2021-05-07-13-05-22-Messung_5_(J)_3052.csv","Supine"
"2021-05-07-13-05-22-Messung_5_(J)_3053.csv","Supine"
"2021-05-07-13-05-22-Messung_5_(J)_3054.csv","Supine"
"2021-05-07-13-05-22-Messung_5_(J)_3055.csv","Supine"
"2021-05-07-13-05-22-Messung_5_(J)_3056.csv","Supine"
"2021-05-07-13-05-22-Messung_5_(J)_3057.csv","Supine"
"2021-05-07-13-05-22-Messung_5_(J)_3058.csv","Supine"
"2021-05-07-13-05-22-Messung_5_(J)_3059.csv","Supine"
"2021-05-07-13-05-22-Messung_5_(J)_3060.csv","Supine"
"2021-05-07-13-05-23-Messung_5_(J)_3061.csv","Supine"
"2021-05-07-13-05-23-Messung_5_(J)_3062.csv","Supine"
"2021-05-07-13-05-23-Messung_5_(J)_3063.csv","Supine"
"2021-05-07-13-05-23-Messung_5_(J)_3064.csv","Supine"
"2021-05-07-13-05-23-Messung_5_(J)_3065.csv","Supine"
"2021-05-07-13-05-23-Messung_5_(J)_3066.csv","Supine"
"2021-05-07-13-05-23-Messung_5_(J)_3067.csv","Supine"
"2021-05-07-13-05-23-Messung_5_(J)_3068.csv","Supine"
"2021-05-07-13-05-23-Messung_5_(J)_3069.csv","Supine"
"2021-05-07-13-05-23-Messung_5_(J)_3070.csv","Supine"
"2021-05-07-13-05-23-Messung_5_(J)_3071.csv","Supine"
"2021-05-07-13-05-23-Messung_5_(J)_3072.csv","Supine"
"2021-05-07-13-05-23-Messung_5_(J)_3073.csv","Supine"
"2021-05-07-13-05-23-Messung_5_(J)_3074.csv","Supine"
"2021-05-07-13-05-23-Messung_5_(J)_3075.csv","Supine"
"2021-05-07-13-05-23-Messung_5_(J)_3076.csv","Supine"
"2021-05-07-13-05-23-Messung_5_(J)_3077.csv","Supine"
"2021-05-07-13-05-23-Messung_5_(J)_3078.csv","Supine"
"2021-05-07-13-05-24-Messung_5_(J)_3079.csv","Supine"
"2021-05-07-13-05-24-Messung_5_(J)_3080.csv","Supine"
"2021-05-07-13-05-24-Messung_5_(J)_3081.csv","Supine"
"2021-05-07-13-05-24-Messung_5_(J)_3082.csv","Supine"
"2021-05-07-13-05-24-Messung_5_(J)_3083.csv","Supine"
"2021-05-07-13-05-24-Messung_5_(J)_3084.csv","Supine"
"2021-05-07-13-05-24-Messung_5_(J)_3085.csv","Supine"
"2021-05-07-13-05-24-Messung_5_(J)_3086.csv","Supine"
"2021-05-07-13-05-24-Messung_5_(J)_3087.csv","Supine"
"2021-05-07-13-05-24-Messung_5_(J)_3088.csv","Supine"
"2021-05-07-13-05-24-Messung_5_(J)_3089.csv","Supine"
"2021-05-07-13-05-24-Messung_5_(J)_3090.csv","Supine"
"2021-05-07-13-05-24-Messung_5_(J)_3091.csv","Supine"
"2021-05-07-13-05-24-Messung_5_(J)_3092.csv","Supine"
"2021-05-07-13-05-24-Messung_5_(J)_3093.csv","Supine"
"2021-05-07-13-05-24-Messung_5_(J)_3094.csv","Supine"
"2021-05-07-13-05-24-Messung_5_(J)_3095.csv","Supine"
"2021-05-07-13-05-25-Messung_5_(J)_3096.csv","Supine"
"2021-05-07-13-05-25-Messung_5_(J)_3097.csv","Supine"
"2021-05-07-13-05-25-Messung_5_(J)_3098.csv","Supine"
"2021-05-07-13-05-25-Messung_5_(J)_3099.csv","Supine"
"2021-05-07-13-05-25-Messung_5_(J)_3100.csv","Supine"
"2021-05-07-13-05-25-Messung_5_(J)_3101.csv","Supine"
"2021-05-07-13-05-25-Messung_5_(J)_3102.csv","Supine"
"2021-05-07-13-05-25-Messung_5_(J)_3103.csv","Supine"
"2021-05-07-13-05-25-Messung_5_(J)_3104.csv","Supine"
"2021-05-07-13-05-25-Messung_5_(J)_3105.csv","Supine"
"2021-05-07-13-05-25-Messung_5_(J)_3106.csv","Supine"
"2021-05-07-13-05-25-Messung_5_(J)_3107.csv","Supine"
"2021-05-07-13-05-25-Messung_5_(J)_3108.csv","Supine"
"2021-05-07-13-05-25-Messung_5_(J)_3109.csv","Supine"
"2021-05-07-13-05-25-Messung_5_(J)_3110.csv","Supine"
"2021-05-07-13-05-25-Messung_5_(J)_3111.csv","Supine"
"2021-05-07-13-05-25-Messung_5_(J)_3112.csv","Supine"
"2021-05-07-13-05-25-Messung_5_(J)_3113.csv","Supine"
"2021-05-07-13-05-26-Messung_5_(J)_3114.csv","Supine"
"2021-05-07-13-05-26-Messung_5_(J)_3115.csv","Supine"
"2021-05-07-13-05-26-Messung_5_(J)_3116.csv","Supine"
"2021-05-07-13-05-26-Messung_5_(J)_3117.csv","Supine"
"2021-05-07-13-05-26-Messung_5_(J)_3118.csv","Supine"
"2021-05-07-13-05-26-Messung_5_(J)_3119.csv","Supine"
"2021-05-07-13-05-26-Messung_5_(J)_3120.csv","Supine"
"2021-05-07-13-05-26-Messung_5_(J)_3121.csv","Supine"
"2021-05-07-13-05-26-Messung_5_(J)_3122.csv","Supine"
"2021-05-07-13-05-26-Messung_5_(J)_3123.csv","Supine"
"2021-05-07-13-05-26-Messung_5_(J)_3124.csv","Supine"
"2021-05-07-13-05-26-Messung_5_(J)_3125.csv","Supine"
"2021-05-07-13-05-26-Messung_5_(J)_3126.csv","Supine"
"2021-05-07-13-05-26-Messung_5_(J)_3127.csv","Supine"
"2021-05-07-13-05-26-Messung_5_(J)_3128.csv","Supine"
"2021-05-07-13-05-26-Messung_5_(J)_3129.csv","Supine"
"2021-05-07-13-05-26-Messung_5_(J)_3130.csv","Supine"
"2021-05-07-13-05-26-Messung_5_(J)_3131.csv","Supine"
"2021-05-07-13-05-27-Messung_5_(J)_3132.csv","Supine"
"2021-05-07-13-05-27-Messung_5_(J)_3133.csv","Supine"
"2021-05-07-13-05-27-Messung_5_(J)_3134.csv","Supine"
"2021-05-07-13-05-27-Messung_5_(J)_3135.csv","Supine"
"2021-05-07-13-05-27-Messung_5_(J)_3136.csv","Supine"
"2021-05-07-13-05-27-Messung_5_(J)_3137.csv","Supine"
"2021-05-07-13-05-27-Messung_5_(J)_3138.csv","Supine"
"2021-05-07-13-05-27-Messung_5_(J)_3139.csv","Supine"
"2021-05-07-13-05-27-Messung_5_(J)_3140.csv","Supine"
"2021-05-07-13-05-27-Messung_5_(J)_3141.csv","Supine"
"2021-05-07-13-05-27-Messung_5_(J)_3142.csv","Supine"
"2021-05-07-13-05-27-Messung_5_(J)_3143.csv","Supine"
"2021-05-07-13-05-27-Messung_5_(J)_3144.csv","Supine"
"2021-05-07-13-05-27-Messung_5_(J)_3145.csv","Supine"
"2021-05-07-13-05-27-Messung_5_(J)_3146.csv","Supine"
"2021-05-07-13-05-27-Messung_5_(J)_3147.csv","Supine"
"2021-05-07-13-05-27-Messung_5_(J)_3148.csv","Supine"
"2021-05-07-13-05-28-Messung_5_(J)_3149.csv","Supine"
"2021-05-07-13-05-28-Messung_5_(J)_3150.csv","Supine"
"2021-05-07-13-05-28-Messung_5_(J)_3151.csv","Supine"
"2021-05-07-13-05-28-Messung_5_(J)_3152.csv","Supine"
"2021-05-07-13-05-28-Messung_5_(J)_3153.csv","Supine"
"2021-05-07-13-05-28-Messung_5_(J)_3154.csv","Supine"
"2021-05-07-13-05-28-Messung_5_(J)_3155.csv","Supine"
"2021-05-07-13-05-28-Messung_5_(J)_3156.csv","Supine"
"2021-05-07-13-05-28-Messung_5_(J)_3157.csv","Supine"
"2021-05-07-13-05-28-Messung_5_(J)_3158.csv","Supine"
"2021-05-07-13-05-28-Messung_5_(J)_3159.csv","Supine"
"2021-05-07-13-05-28-Messung_5_(J)_3160.csv","Supine"
"2021-05-07-13-05-28-Messung_5_(J)_3161.csv","Supine"
"2021-05-07-13-05-28-Messung_5_(J)_3162.csv","Supine"
"2021-05-07-13-05-28-Messung_5_(J)_3163.csv","Supine"
"2021-05-07-13-05-28-Messung_5_(J)_3164.csv","Supine"
"2021-05-07-13-05-28-Messung_5_(J)_3165.csv","Supine"
"2021-05-07-13-05-28-Messung_5_(J)_3166.csv","Supine"
"2021-05-07-13-05-29-Messung_5_(J)_3167.csv","Supine"
"2021-05-07-13-05-29-Messung_5_(J)_3168.csv","Supine"
"2021-05-07-13-05-29-Messung_5_(J)_3169.csv","Supine"
"2021-05-07-13-05-29-Messung_5_(J)_3170.csv","Supine"
"2021-05-07-13-05-29-Messung_5_(J)_3171.csv","Supine"
"2021-05-07-13-05-29-Messung_5_(J)_3172.csv","Supine"
"2021-05-07-13-05-29-Messung_5_(J)_3173.csv","Supine"
"2021-05-07-13-05-29-Messung_5_(J)_3174.csv","Supine"
"2021-05-07-13-05-29-Messung_5_(J)_3175.csv","Supine"
"2021-05-07-13-05-29-Messung_5_(J)_3176.csv","Supine"
"2021-05-07-13-05-29-Messung_5_(J)_3177.csv","Supine"
"2021-05-07-13-05-29-Messung_5_(J)_3178.csv","Supine"
"2021-05-07-13-05-29-Messung_5_(J)_3179.csv","Supine"
"2021-05-07-13-05-29-Messung_5_(J)_3180.csv","Supine"
"2021-05-07-13-05-29-Messung_5_(J)_3181.csv","Supine"
"2021-05-07-13-05-29-Messung_5_(J)_3182.csv","Supine"
"2021-05-07-13-05-29-Messung_5_(J)_3183.csv","Supine"
"2021-05-07-13-05-29-Messung_5_(J)_3184.csv","Supine"
"2021-05-07-13-05-30-Messung_5_(J)_3185.csv","Supine"
"2021-05-07-13-05-30-Messung_5_(J)_3186.csv","Supine"
"2021-05-07-13-05-30-Messung_5_(J)_3187.csv","Supine"
"2021-05-07-13-05-30-Messung_5_(J)_3188.csv","Supine"
"2021-05-07-13-05-30-Messung_5_(J)_3189.csv","Supine"
"2021-05-07-13-05-30-Messung_5_(J)_3190.csv","Supine"
"2021-05-07-13-05-30-Messung_5_(J)_3191.csv","Supine"
"2021-05-07-13-05-30-Messung_5_(J)_3192.csv","Supine"
"2021-05-07-13-05-30-Messung_5_(J)_3193.csv","Supine"
"2021-05-07-13-05-30-Messung_5_(J)_3194.csv","Supine"
"2021-05-07-13-05-30-Messung_5_(J)_3195.csv","Supine"
"2021-05-07-13-05-30-Messung_5_(J)_3196.csv","Supine"
"2021-05-07-13-05-30-Messung_5_(J)_3197.csv","Supine"
"2021-05-07-13-05-30-Messung_5_(J)_3198.csv","Supine"
"2021-05-07-13-05-30-Messung_5_(J)_3199.csv","Supine"
"2021-05-07-13-05-30-Messung_5_(J)_3200.csv","Supine"
"2021-05-07-13-05-30-Messung_5_(J)_3201.csv","Supine"
"2021-05-07-13-05-31-Messung_5_(J)_3202.csv","Supine"
"2021-05-07-13-05-31-Messung_5_(J)_3203.csv","Supine"
"2021-05-07-13-05-31-Messung_5_(J)_3204.csv","Supine"
"2021-05-07-13-05-31-Messung_5_(J)_3205.csv","Supine"
"2021-05-07-13-05-31-Messung_5_(J)_3206.csv","Supine"
"2021-05-07-13-05-31-Messung_5_(J)_3207.csv","Supine"
"2021-05-07-13-05-31-Messung_5_(J)_3208.csv","Supine"
"2021-05-07-13-05-31-Messung_5_(J)_3209.csv","Supine"
"2021-05-07-13-05-31-Messung_5_(J)_3210.csv","Supine"
"2021-05-07-13-05-31-Messung_5_(J)_3211.csv","Supine"
"2021-05-07-13-05-31-Messung_5_(J)_3212.csv","Supine"
"2021-05-07-13-05-31-Messung_5_(J)_3213.csv","Supine"
"2021-05-07-13-05-31-Messung_5_(J)_3214.csv","Supine"
"2021-05-07-13-05-31-Messung_5_(J)_3215.csv","Supine"
"2021-05-07-13-05-31-Messung_5_(J)_3216.csv","Supine"
"2021-05-07-13-05-31-Messung_5_(J)_3217.csv","Supine"
"2021-05-07-13-05-31-Messung_5_(J)_3218.csv","Supine"
"2021-05-07-13-05-31-Messung_5_(J)_3219.csv","Supine"
"2021-05-07-13-05-32-Messung_5_(J)_3220.csv","Supine"
"2021-05-07-13-05-32-Messung_5_(J)_3221.csv","Supine"
"2021-05-07-13-05-32-Messung_5_(J)_3222.csv","Supine"
"2021-05-07-13-05-32-Messung_5_(J)_3223.csv","Supine"
"2021-05-07-13-05-32-Messung_5_(J)_3224.csv","Supine"
"2021-05-07-13-05-32-Messung_5_(J)_3225.csv","Supine"
"2021-05-07-13-05-32-Messung_5_(J)_3226.csv","Supine"
"2021-05-07-13-05-32-Messung_5_(J)_3227.csv","Supine"
"2021-05-07-13-05-32-Messung_5_(J)_3228.csv","Supine"
"2021-05-07-13-05-32-Messung_5_(J)_3229.csv","Supine"
"2021-05-07-13-05-32-Messung_5_(J)_3230.csv","Supine"
"2021-05-07-13-05-32-Messung_5_(J)_3231.csv","Supine"
"2021-05-07-13-05-32-Messung_5_(J)_3232.csv","Supine"
"2021-05-07-13-05-32-Messung_5_(J)_3233.csv","Supine"
"2021-05-07-13-05-32-Messung_5_(J)_3234.csv","Supine"
"2021-05-07-13-05-32-Messung_5_(J)_3235.csv","Supine"
"2021-05-07-13-05-32-Messung_5_(J)_3236.csv","Supine"
"2021-05-07-13-05-32-Messung_5_(J)_3237.csv","Supine"
"2021-05-07-13-05-33-Messung_5_(J)_3238.csv","Supine"
"2021-05-07-13-05-33-Messung_5_(J)_3239.csv","Supine"
"2021-05-07-13-05-33-Messung_5_(J)_3240.csv","Supine"
"2021-05-07-13-05-33-Messung_5_(J)_3241.csv","Supine"
"2021-05-07-13-05-33-Messung_5_(J)_3242.csv","Supine"
"2021-05-07-13-05-33-Messung_5_(J)_3243.csv","Supine"
"2021-05-07-13-05-33-Messung_5_(J)_3244.csv","Supine"
"2021-05-07-13-05-33-Messung_5_(J)_3245.csv","Supine"
"2021-05-07-13-05-33-Messung_5_(J)_3246.csv","Supine"
"2021-05-07-13-05-33-Messung_5_(J)_3247.csv","Supine"
"2021-05-07-13-05-33-Messung_5_(J)_3248.csv","Supine"
"2021-05-07-13-05-33-Messung_5_(J)_3249.csv","Supine"
"2021-05-07-13-05-33-Messung_5_(J)_3250.csv","Supine"
"2021-05-07-13-05-33-Messung_5_(J)_3251.csv","Supine"
"2021-05-07-13-05-33-Messung_5_(J)_3252.csv","Supine"
"2021-05-07-13-05-33-Messung_5_(J)_3253.csv","Supine"
"2021-05-07-13-05-33-Messung_5_(J)_3254.csv","Supine"
"2021-05-07-13-05-34-Messung_5_(J)_3255.csv","Supine"
"2021-05-07-13-05-34-Messung_5_(J)_3256.csv","Supine"
"2021-05-07-13-05-34-Messung_5_(J)_3257.csv","Supine"
"2021-05-07-13-05-34-Messung_5_(J)_3258.csv","Supine"
"2021-05-07-13-05-34-Messung_5_(J)_3259.csv","Supine"
"2021-05-07-13-05-34-Messung_5_(J)_3260.csv","Supine"
"2021-05-07-13-05-34-Messung_5_(J)_3261.csv","Supine"
"2021-05-07-13-05-34-Messung_5_(J)_3262.csv","Supine"
"2021-05-07-13-05-34-Messung_5_(J)_3263.csv","Supine"
"2021-05-07-13-05-34-Messung_5_(J)_3264.csv","Supine"
"2021-05-07-13-05-34-Messung_5_(J)_3265.csv","Supine"
"2021-05-07-13-05-34-Messung_5_(J)_3266.csv","Supine"
"2021-05-07-13-05-34-Messung_5_(J)_3267.csv","Supine"
"2021-05-07-13-05-34-Messung_5_(J)_3268.csv","Supine"
"2021-05-07-13-05-34-Messung_5_(J)_3269.csv","Supine"
"2021-05-07-13-05-34-Messung_5_(J)_3270.csv","Supine"
"2021-05-07-13-05-34-Messung_5_(J)_3271.csv","Supine"
"2021-05-07-13-05-34-Messung_5_(J)_3272.csv","Supine"
"2021-05-07-13-05-35-Messung_5_(J)_3273.csv","Supine"
"2021-05-07-13-05-35-Messung_5_(J)_3274.csv","Supine"
"2021-05-07-13-05-35-Messung_5_(J)_3275.csv","Supine"
"2021-05-07-13-05-35-Messung_5_(J)_3276.csv","Supine"
"2021-05-07-13-05-35-Messung_5_(J)_3277.csv","Supine"
"2021-05-07-13-05-35-Messung_5_(J)_3278.csv","Supine"
"2021-05-07-13-05-35-Messung_5_(J)_3279.csv","Supine"
"2021-05-07-13-05-35-Messung_5_(J)_3280.csv","Supine"
"2021-05-07-13-05-35-Messung_5_(J)_3281.csv","Supine"
"2021-05-07-13-05-35-Messung_5_(J)_3282.csv","Supine"
"2021-05-07-13-05-35-Messung_5_(J)_3283.csv","Supine"
"2021-05-07-13-05-35-Messung_5_(J)_3284.csv","Supine"
"2021-05-07-13-05-35-Messung_5_(J)_3285.csv","Supine"
"2021-05-07-13-05-35-Messung_5_(J)_3286.csv","Supine"
"2021-05-07-13-05-35-Messung_5_(J)_3287.csv","Supine"
"2021-05-07-13-05-35-Messung_5_(J)_3288.csv","Supine"
"2021-05-07-13-05-35-Messung_5_(J)_3289.csv","Supine"
"2021-05-07-13-05-35-Messung_5_(J)_3290.csv","Supine"
"2021-05-07-13-05-36-Messung_5_(J)_3291.csv","Supine"
"2021-05-07-13-05-36-Messung_5_(J)_3292.csv","Supine"
"2021-05-07-13-05-36-Messung_5_(J)_3293.csv","Supine"
"2021-05-07-13-05-36-Messung_5_(J)_3294.csv","Supine"
"2021-05-07-13-05-36-Messung_5_(J)_3295.csv","Supine"
"2021-05-07-13-05-36-Messung_5_(J)_3296.csv","Supine"
"2021-05-07-13-05-36-Messung_5_(J)_3297.csv","Supine"
"2021-05-07-13-05-36-Messung_5_(J)_3298.csv","Supine"
"2021-05-07-13-05-36-Messung_5_(J)_3299.csv","Supine"
"2021-05-07-13-05-36-Messung_5_(J)_3300.csv","Supine"
"2021-05-07-13-05-36-Messung_5_(J)_3301.csv","Supine"
"2021-05-07-13-05-36-Messung_5_(J)_3302.csv","Supine"
"2021-05-07-13-05-36-Messung_5_(J)_3303.csv","Supine"
"2021-05-07-13-05-36-Messung_5_(J)_3304.csv","Supine"
"2021-05-07-13-05-36-Messung_5_(J)_3305.csv","Supine"
"2021-05-07-13-05-36-Messung_5_(J)_3306.csv","Supine"
"2021-05-07-13-05-36-Messung_5_(J)_3307.csv","Supine"
"2021-05-07-13-05-37-Messung_5_(J)_3308.csv","Supine"
"2021-05-07-13-05-37-Messung_5_(J)_3309.csv","Supine"
"2021-05-07-13-05-37-Messung_5_(J)_3310.csv","Supine"
"2021-05-07-13-05-37-Messung_5_(J)_3311.csv","Supine"
"2021-05-07-13-05-37-Messung_5_(J)_3312.csv","Supine"
"2021-05-07-13-05-37-Messung_5_(J)_3313.csv","Supine"
"2021-05-07-13-05-37-Messung_5_(J)_3314.csv","Supine"
"2021-05-07-13-05-37-Messung_5_(J)_3315.csv","Supine"
"2021-05-07-13-05-37-Messung_5_(J)_3316.csv","Supine"
"2021-05-07-13-05-37-Messung_5_(J)_3317.csv","Supine"
"2021-05-07-13-05-37-Messung_5_(J)_3318.csv","Supine"
"2021-05-07-13-05-37-Messung_5_(J)_3319.csv","Supine"
"2021-05-07-13-05-37-Messung_5_(J)_3320.csv","Supine"
"2021-05-07-13-05-37-Messung_5_(J)_3321.csv","Supine"
"2021-05-07-13-05-37-Messung_5_(J)_3322.csv","Supine"
"2021-05-07-13-05-37-Messung_5_(J)_3323.csv","Supine"
"2021-05-07-13-05-37-Messung_5_(J)_3324.csv","Supine"
"2021-05-07-13-05-37-Messung_5_(J)_3325.csv","Supine"
"2021-05-07-13-05-38-Messung_5_(J)_3326.csv","Changing"
"2021-05-07-13-05-38-Messung_5_(J)_3327.csv","Changing"
"2021-05-07-13-05-38-Messung_5_(J)_3328.csv","Changing"
"2021-05-07-13-05-38-Messung_5_(J)_3329.csv","Changing"
"2021-05-07-13-05-38-Messung_5_(J)_3330.csv","Changing"
"2021-05-07-13-05-38-Messung_5_(J)_3331.csv","Changing"
"2021-05-07-13-05-38-Messung_5_(J)_3332.csv","Changing"
"2021-05-07-13-05-38-Messung_5_(J)_3333.csv","Changing"
"2021-05-07-13-05-38-Messung_5_(J)_3334.csv","Changing"
"2021-05-07-13-05-38-Messung_5_(J)_3335.csv","Changing"
"2021-05-07-13-05-38-Messung_5_(J)_3336.csv","Changing"
"2021-05-07-13-05-38-Messung_5_(J)_3337.csv","Changing"
"2021-05-07-13-05-38-Messung_5_(J)_3338.csv","Changing"
"2021-05-07-13-05-38-Messung_5_(J)_3339.csv","Changing"
"2021-05-07-13-05-38-Messung_5_(J)_3340.csv","Changing"
"2021-05-07-13-05-38-Messung_5_(J)_3341.csv","Changing"
"2021-05-07-13-05-38-Messung_5_(J)_3342.csv","Changing"
"2021-05-07-13-05-38-Messung_5_(J)_3343.csv","Changing"
"2021-05-07-13-05-39-Messung_5_(J)_3344.csv","Changing"
"2021-05-07-13-05-39-Messung_5_(J)_3345.csv","Changing"
"2021-05-07-13-05-39-Messung_5_(J)_3346.csv","Changing"
"2021-05-07-13-05-39-Messung_5_(J)_3347.csv","Changing"
"2021-05-07-13-05-39-Messung_5_(J)_3348.csv","Supine"
"2021-05-07-13-05-39-Messung_5_(J)_3349.csv","Supine"
"2021-05-07-13-05-39-Messung_5_(J)_3350.csv","Supine"
"2021-05-07-13-05-39-Messung_5_(J)_3351.csv","Supine"
"2021-05-07-13-05-39-Messung_5_(J)_3352.csv","Supine"
"2021-05-07-13-05-39-Messung_5_(J)_3353.csv","Supine"
"2021-05-07-13-05-39-Messung_5_(J)_3354.csv","Supine"
"2021-05-07-13-05-39-Messung_5_(J)_3355.csv","Supine"
"2021-05-07-13-05-39-Messung_5_(J)_3356.csv","Supine"
"2021-05-07-13-05-39-Messung_5_(J)_3357.csv","Supine"
"2021-05-07-13-05-39-Messung_5_(J)_3358.csv","Supine"
"2021-05-07-13-05-39-Messung_5_(J)_3359.csv","Supine"
"2021-05-07-13-05-39-Messung_5_(J)_3360.csv","Supine"
"2021-05-07-13-05-40-Messung_5_(J)_3361.csv","Supine"
"2021-05-07-13-05-40-Messung_5_(J)_3362.csv","Supine"
"2021-05-07-13-05-40-Messung_5_(J)_3363.csv","Supine"
"2021-05-07-13-05-40-Messung_5_(J)_3364.csv","Supine"
"2021-05-07-13-05-40-Messung_5_(J)_3365.csv","Supine"
"2021-05-07-13-05-40-Messung_5_(J)_3366.csv","Supine"
"2021-05-07-13-05-40-Messung_5_(J)_3367.csv","Supine"
"2021-05-07-13-05-40-Messung_5_(J)_3368.csv","Supine"
"2021-05-07-13-05-40-Messung_5_(J)_3369.csv","Supine"
"2021-05-07-13-05-40-Messung_5_(J)_3370.csv","Supine"
"2021-05-07-13-05-40-Messung_5_(J)_3371.csv","Supine"
"2021-05-07-13-05-40-Messung_5_(J)_3372.csv","Supine"
"2021-05-07-13-05-40-Messung_5_(J)_3373.csv","Supine"
"2021-05-07-13-05-40-Messung_5_(J)_3374.csv","Supine"
"2021-05-07-13-05-40-Messung_5_(J)_3375.csv","Supine"
"2021-05-07-13-05-40-Messung_5_(J)_3376.csv","Supine"
"2021-05-07-13-05-40-Messung_5_(J)_3377.csv","Supine"
"2021-05-07-13-05-40-Messung_5_(J)_3378.csv","Supine"
"2021-05-07-13-05-41-Messung_5_(J)_3379.csv","Supine"
"2021-05-07-13-05-41-Messung_5_(J)_3380.csv","Supine"
"2021-05-07-13-05-41-Messung_5_(J)_3381.csv","Supine"
"2021-05-07-13-05-41-Messung_5_(J)_3382.csv","Supine"
"2021-05-07-13-05-41-Messung_5_(J)_3383.csv","Supine"
"2021-05-07-13-05-41-Messung_5_(J)_3384.csv","Supine"
"2021-05-07-13-05-41-Messung_5_(J)_3385.csv","Supine"
"2021-05-07-13-05-41-Messung_5_(J)_3386.csv","Supine"
"2021-05-07-13-05-41-Messung_5_(J)_3387.csv","Supine"
"2021-05-07-13-05-41-Messung_5_(J)_3388.csv","Supine"
"2021-05-07-13-05-41-Messung_5_(J)_3389.csv","Supine"
"2021-05-07-13-05-41-Messung_5_(J)_3390.csv","Supine"
"2021-05-07-13-05-41-Messung_5_(J)_3391.csv","Supine"
"2021-05-07-13-05-41-Messung_5_(J)_3392.csv","Supine"
"2021-05-07-13-05-41-Messung_5_(J)_3393.csv","Supine"
"2021-05-07-13-05-41-Messung_5_(J)_3394.csv","Supine"
"2021-05-07-13-05-41-Messung_5_(J)_3395.csv","Supine"
"2021-05-07-13-05-41-Messung_5_(J)_3396.csv","Supine"
"2021-05-07-13-05-42-Messung_5_(J)_3397.csv","Supine"
"2021-05-07-13-05-42-Messung_5_(J)_3398.csv","Supine"
"2021-05-07-13-05-42-Messung_5_(J)_3399.csv","Supine"
"2021-05-07-13-05-42-Messung_5_(J)_3400.csv","Supine"
"2021-05-07-13-05-42-Messung_5_(J)_3401.csv","Supine"
"2021-05-07-13-05-42-Messung_5_(J)_3402.csv","Supine"
"2021-05-07-13-05-42-Messung_5_(J)_3403.csv","Supine"
"2021-05-07-13-05-42-Messung_5_(J)_3404.csv","Supine"
"2021-05-07-13-05-42-Messung_5_(J)_3405.csv","Supine"
"2021-05-07-13-05-42-Messung_5_(J)_3406.csv","Supine"
"2021-05-07-13-05-42-Messung_5_(J)_3407.csv","Supine"
"2021-05-07-13-05-42-Messung_5_(J)_3408.csv","Supine"
"2021-05-07-13-05-42-Messung_5_(J)_3409.csv","Supine"
"2021-05-07-13-05-42-Messung_5_(J)_3410.csv","Supine"
"2021-05-07-13-05-42-Messung_5_(J)_3411.csv","Supine"
"2021-05-07-13-05-42-Messung_5_(J)_3412.csv","Supine"
"2021-05-07-13-05-42-Messung_5_(J)_3413.csv","Supine"
"2021-05-07-13-05-42-Messung_5_(J)_3414.csv","Supine"
"2021-05-07-13-05-43-Messung_5_(J)_3415.csv","Supine"
"2021-05-07-13-05-43-Messung_5_(J)_3416.csv","Supine"
"2021-05-07-13-05-43-Messung_5_(J)_3417.csv","Supine"
"2021-05-07-13-05-43-Messung_5_(J)_3418.csv","Supine"
"2021-05-07-13-05-43-Messung_5_(J)_3419.csv","Supine"
"2021-05-07-13-05-43-Messung_5_(J)_3420.csv","Supine"
"2021-05-07-13-05-43-Messung_5_(J)_3421.csv","Supine"
"2021-05-07-13-05-43-Messung_5_(J)_3422.csv","Supine"
"2021-05-07-13-05-43-Messung_5_(J)_3423.csv","Supine"
"2021-05-07-13-05-43-Messung_5_(J)_3424.csv","Supine"
"2021-05-07-13-05-43-Messung_5_(J)_3425.csv","Supine"
"2021-05-07-13-05-43-Messung_5_(J)_3426.csv","Supine"
"2021-05-07-13-05-43-Messung_5_(J)_3427.csv","Supine"
"2021-05-07-13-05-43-Messung_5_(J)_3428.csv","Supine"
"2021-05-07-13-05-43-Messung_5_(J)_3429.csv","Supine"
"2021-05-07-13-05-43-Messung_5_(J)_3430.csv","Supine"
"2021-05-07-13-05-43-Messung_5_(J)_3431.csv","Supine"
"2021-05-07-13-05-44-Messung_5_(J)_3432.csv","Supine"
"2021-05-07-13-05-44-Messung_5_(J)_3433.csv","Supine"
"2021-05-07-13-05-44-Messung_5_(J)_3434.csv","Supine"
"2021-05-07-13-05-44-Messung_5_(J)_3435.csv","Supine"
"2021-05-07-13-05-44-Messung_5_(J)_3436.csv","Supine"
"2021-05-07-13-05-44-Messung_5_(J)_3437.csv","Supine"
"2021-05-07-13-05-44-Messung_5_(J)_3438.csv","Supine"
"2021-05-07-13-05-44-Messung_5_(J)_3439.csv","Supine"
"2021-05-07-13-05-44-Messung_5_(J)_3440.csv","Supine"
"2021-05-07-13-05-44-Messung_5_(J)_3441.csv","Supine"
"2021-05-07-13-05-44-Messung_5_(J)_3442.csv","Supine"
"2021-05-07-13-05-44-Messung_5_(J)_3443.csv","Supine"
"2021-05-07-13-05-44-Messung_5_(J)_3444.csv","Supine"
"2021-05-07-13-05-44-Messung_5_(J)_3445.csv","Supine"
"2021-05-07-13-05-44-Messung_5_(J)_3446.csv","Supine"
"2021-05-07-13-05-44-Messung_5_(J)_3447.csv","Supine"
"2021-05-07-13-05-44-Messung_5_(J)_3448.csv","Supine"
"2021-05-07-13-05-44-Messung_5_(J)_3449.csv","Supine"
"2021-05-07-13-05-45-Messung_5_(J)_3450.csv","Supine"
"2021-05-07-13-05-45-Messung_5_(J)_3451.csv","Supine"
"2021-05-07-13-05-45-Messung_5_(J)_3452.csv","Supine"
"2021-05-07-13-05-45-Messung_5_(J)_3453.csv","Supine"
"2021-05-07-13-05-45-Messung_5_(J)_3454.csv","Supine"
"2021-05-07-13-05-45-Messung_5_(J)_3455.csv","Supine"
"2021-05-07-13-05-45-Messung_5_(J)_3456.csv","Supine"
"2021-05-07-13-05-45-Messung_5_(J)_3457.csv","Supine"
"2021-05-07-13-05-45-Messung_5_(J)_3458.csv","Supine"
"2021-05-07-13-05-45-Messung_5_(J)_3459.csv","Supine"
"2021-05-07-13-05-45-Messung_5_(J)_3460.csv","Supine"
"2021-05-07-13-05-45-Messung_5_(J)_3461.csv","Supine"
"2021-05-07-13-05-45-Messung_5_(J)_3462.csv","Supine"
"2021-05-07-13-05-45-Messung_5_(J)_3463.csv","Supine"
"2021-05-07-13-05-45-Messung_5_(J)_3464.csv","Supine"
"2021-05-07-13-05-45-Messung_5_(J)_3465.csv","Supine"
"2021-05-07-13-05-45-Messung_5_(J)_3466.csv","Supine"
"2021-05-07-13-05-45-Messung_5_(J)_3467.csv","Supine"
"2021-05-07-13-05-46-Messung_5_(J)_3468.csv","Supine"
"2021-05-07-13-05-46-Messung_5_(J)_3469.csv","Supine"
"2021-05-07-13-05-46-Messung_5_(J)_3470.csv","Supine"
"2021-05-07-13-05-46-Messung_5_(J)_3471.csv","Supine"
"2021-05-07-13-05-46-Messung_5_(J)_3472.csv","Supine"
"2021-05-07-13-05-46-Messung_5_(J)_3473.csv","Supine"
"2021-05-07-13-05-46-Messung_5_(J)_3474.csv","Supine"
"2021-05-07-13-05-46-Messung_5_(J)_3475.csv","Supine"
"2021-05-07-13-05-46-Messung_5_(J)_3476.csv","Supine"
"2021-05-07-13-05-46-Messung_5_(J)_3477.csv","Supine"
"2021-05-07-13-05-46-Messung_5_(J)_3478.csv","Supine"
"2021-05-07-13-05-46-Messung_5_(J)_3479.csv","Supine"
"2021-05-07-13-05-46-Messung_5_(J)_3480.csv","Supine"
"2021-05-07-13-05-46-Messung_5_(J)_3481.csv","Supine"
"2021-05-07-13-05-46-Messung_5_(J)_3482.csv","Supine"
"2021-05-07-13-05-46-Messung_5_(J)_3483.csv","Supine"
"2021-05-07-13-05-46-Messung_5_(J)_3484.csv","Supine"
"2021-05-07-13-05-47-Messung_5_(J)_3485.csv","Supine"
"2021-05-07-13-05-47-Messung_5_(J)_3486.csv","Supine"
"2021-05-07-13-05-47-Messung_5_(J)_3487.csv","Supine"
"2021-05-07-13-05-47-Messung_5_(J)_3488.csv","Supine"
"2021-05-07-13-05-47-Messung_5_(J)_3489.csv","Supine"
"2021-05-07-13-05-47-Messung_5_(J)_3490.csv","Supine"
"2021-05-07-13-05-47-Messung_5_(J)_3491.csv","Supine"
"2021-05-07-13-05-47-Messung_5_(J)_3492.csv","Supine"
"2021-05-07-13-05-47-Messung_5_(J)_3493.csv","Supine"
"2021-05-07-13-05-47-Messung_5_(J)_3494.csv","Supine"
"2021-05-07-13-05-47-Messung_5_(J)_3495.csv","Supine"
"2021-05-07-13-05-47-Messung_5_(J)_3496.csv","Supine"
"2021-05-07-13-05-47-Messung_5_(J)_3497.csv","Supine"
"2021-05-07-13-05-47-Messung_5_(J)_3498.csv","Supine"
"2021-05-07-13-05-47-Messung_5_(J)_3499.csv","Supine"
"2021-05-07-13-05-47-Messung_5_(J)_3500.csv","Supine"
"2021-05-07-13-05-47-Messung_5_(J)_3501.csv","Supine"
"2021-05-07-13-05-47-Messung_5_(J)_3502.csv","Supine"
"2021-05-07-13-05-48-Messung_5_(J)_3503.csv","Supine"
"2021-05-07-13-05-48-Messung_5_(J)_3504.csv","Supine"
"2021-05-07-13-05-48-Messung_5_(J)_3505.csv","Supine"
"2021-05-07-13-05-48-Messung_5_(J)_3506.csv","Supine"
"2021-05-07-13-05-48-Messung_5_(J)_3507.csv","Supine"
"2021-05-07-13-05-48-Messung_5_(J)_3508.csv","Supine"
"2021-05-07-13-05-48-Messung_5_(J)_3509.csv","Supine"
"2021-05-07-13-05-48-Messung_5_(J)_3510.csv","Supine"
"2021-05-07-13-05-48-Messung_5_(J)_3511.csv","Supine"
"2021-05-07-13-05-48-Messung_5_(J)_3512.csv","Supine"
"2021-05-07-13-05-48-Messung_5_(J)_3513.csv","Supine"
"2021-05-07-13-05-48-Messung_5_(J)_3514.csv","Supine"
"2021-05-07-13-05-48-Messung_5_(J)_3515.csv","Supine"
"2021-05-07-13-05-48-Messung_5_(J)_3516.csv","Supine"
"2021-05-07-13-05-48-Messung_5_(J)_3517.csv","Supine"
"2021-05-07-13-05-48-Messung_5_(J)_3518.csv","Supine"
"2021-05-07-13-05-48-Messung_5_(J)_3519.csv","Supine"
"2021-05-07-13-05-48-Messung_5_(J)_3520.csv","Supine"
"2021-05-07-13-05-49-Messung_5_(J)_3521.csv","Supine"
"2021-05-07-13-05-49-Messung_5_(J)_3522.csv","Supine"
"2021-05-07-13-05-49-Messung_5_(J)_3523.csv","Supine"
"2021-05-07-13-05-49-Messung_5_(J)_3524.csv","Supine"
"2021-05-07-13-05-49-Messung_5_(J)_3525.csv","Supine"
"2021-05-07-13-05-49-Messung_5_(J)_3526.csv","Supine"
"2021-05-07-13-05-49-Messung_5_(J)_3527.csv","Supine"
"2021-05-07-13-05-49-Messung_5_(J)_3528.csv","Supine"
"2021-05-07-13-05-49-Messung_5_(J)_3529.csv","Supine"
"2021-05-07-13-05-49-Messung_5_(J)_3530.csv","Supine"
"2021-05-07-13-05-49-Messung_5_(J)_3531.csv","Supine"
"2021-05-07-13-05-49-Messung_5_(J)_3532.csv","Supine"
"2021-05-07-13-05-49-Messung_5_(J)_3533.csv","Supine"
"2021-05-07-13-05-49-Messung_5_(J)_3534.csv","Supine"
"2021-05-07-13-05-49-Messung_5_(J)_3535.csv","Supine"
"2021-05-07-13-05-49-Messung_5_(J)_3536.csv","Supine"
"2021-05-07-13-05-49-Messung_5_(J)_3537.csv","Supine"
"2021-05-07-13-05-50-Messung_5_(J)_3538.csv","Supine"
"2021-05-07-13-05-50-Messung_5_(J)_3539.csv","Supine"
"2021-05-07-13-05-50-Messung_5_(J)_3540.csv","Supine"
"2021-05-07-13-05-50-Messung_5_(J)_3541.csv","Supine"
"2021-05-07-13-05-50-Messung_5_(J)_3542.csv","Supine"
"2021-05-07-13-05-50-Messung_5_(J)_3543.csv","Supine"
"2021-05-07-13-05-50-Messung_5_(J)_3544.csv","Supine"
"2021-05-07-13-05-50-Messung_5_(J)_3545.csv","Supine"
"2021-05-07-13-05-50-Messung_5_(J)_3546.csv","Supine"
"2021-05-07-13-05-50-Messung_5_(J)_3547.csv","Supine"
"2021-05-07-13-05-50-Messung_5_(J)_3548.csv","Supine"
"2021-05-07-13-05-50-Messung_5_(J)_3549.csv","Supine"
"2021-05-07-13-05-50-Messung_5_(J)_3550.csv","Supine"
"2021-05-07-13-05-50-Messung_5_(J)_3551.csv","Supine"
"2021-05-07-13-05-50-Messung_5_(J)_3552.csv","Supine"
"2021-05-07-13-05-50-Messung_5_(J)_3553.csv","Supine"
"2021-05-07-13-05-50-Messung_5_(J)_3554.csv","Supine"
"2021-05-07-13-05-50-Messung_5_(J)_3555.csv","Supine"
"2021-05-07-13-05-51-Messung_5_(J)_3556.csv","Supine"
"2021-05-07-13-05-51-Messung_5_(J)_3557.csv","Supine"
"2021-05-07-13-05-51-Messung_5_(J)_3558.csv","Supine"
"2021-05-07-13-05-51-Messung_5_(J)_3559.csv","Supine"
"2021-05-07-13-05-51-Messung_5_(J)_3560.csv","Supine"
"2021-05-07-13-05-51-Messung_5_(J)_3561.csv","Supine"
"2021-05-07-13-05-51-Messung_5_(J)_3562.csv","Supine"
"2021-05-07-13-05-51-Messung_5_(J)_3563.csv","Supine"
"2021-05-07-13-05-51-Messung_5_(J)_3564.csv","Supine"
"2021-05-07-13-05-51-Messung_5_(J)_3565.csv","Supine"
"2021-05-07-13-05-51-Messung_5_(J)_3566.csv","Supine"
"2021-05-07-13-05-51-Messung_5_(J)_3567.csv","Supine"
"2021-05-07-13-05-51-Messung_5_(J)_3568.csv","Supine"
"2021-05-07-13-05-51-Messung_5_(J)_3569.csv","Supine"
"2021-05-07-13-05-51-Messung_5_(J)_3570.csv","Supine"
"2021-05-07-13-05-51-Messung_5_(J)_3571.csv","Supine"
"2021-05-07-13-05-51-Messung_5_(J)_3572.csv","Supine"
"2021-05-07-13-05-51-Messung_5_(J)_3573.csv","Supine"
"2021-05-07-13-05-52-Messung_5_(J)_3574.csv","Supine"
"2021-05-07-13-05-52-Messung_5_(J)_3575.csv","Supine"
"2021-05-07-13-05-52-Messung_5_(J)_3576.csv","Supine"
"2021-05-07-13-05-52-Messung_5_(J)_3577.csv","Supine"
"2021-05-07-13-05-52-Messung_5_(J)_3578.csv","Supine"
"2021-05-07-13-05-52-Messung_5_(J)_3579.csv","Supine"
"2021-05-07-13-05-52-Messung_5_(J)_3580.csv","Changing"
"2021-05-07-13-05-52-Messung_5_(J)_3581.csv","Changing"
"2021-05-07-13-05-52-Messung_5_(J)_3582.csv","Changing"
"2021-05-07-13-05-52-Messung_5_(J)_3583.csv","Changing"
"2021-05-07-13-05-52-Messung_5_(J)_3584.csv","Changing"
"2021-05-07-13-05-52-Messung_5_(J)_3585.csv","Changing"
"2021-05-07-13-05-52-Messung_5_(J)_3586.csv","Changing"
"2021-05-07-13-05-52-Messung_5_(J)_3587.csv","Changing"
"2021-05-07-13-05-52-Messung_5_(J)_3588.csv","Changing"
"2021-05-07-13-05-52-Messung_5_(J)_3589.csv","Changing"
"2021-05-07-13-05-52-Messung_5_(J)_3590.csv","Changing"
"2021-05-07-13-05-53-Messung_5_(J)_3591.csv","Changing"
"2021-05-07-13-05-53-Messung_5_(J)_3592.csv","Changing"
"2021-05-07-13-05-53-Messung_5_(J)_3593.csv","Changing"
"2021-05-07-13-05-53-Messung_5_(J)_3594.csv","Changing"
"2021-05-07-13-05-53-Messung_5_(J)_3595.csv","Changing"
"2021-05-07-13-05-53-Messung_5_(J)_3596.csv","Changing"
"2021-05-07-13-05-53-Messung_5_(J)_3597.csv","Changing"
"2021-05-07-13-05-53-Messung_5_(J)_3598.csv","Changing"
"2021-05-07-13-05-53-Messung_5_(J)_3599.csv","Changing"
"2021-05-07-13-05-53-Messung_5_(J)_3600.csv","Changing"
"2021-05-07-13-05-53-Messung_5_(J)_3601.csv","Changing"
"2021-05-07-13-05-53-Messung_5_(J)_3602.csv","Changing"
"2021-05-07-13-05-53-Messung_5_(J)_3603.csv","Changing"
"2021-05-07-13-05-53-Messung_5_(J)_3604.csv","Changing"
"2021-05-07-13-05-53-Messung_5_(J)_3605.csv","Changing"
"2021-05-07-13-05-53-Messung_5_(J)_3606.csv","Changing"
"2021-05-07-13-05-53-Messung_5_(J)_3607.csv","Changing"
"2021-05-07-13-05-53-Messung_5_(J)_3608.csv","Changing"
"2021-05-07-13-05-54-Messung_5_(J)_3609.csv","Changing"
"2021-05-07-13-05-54-Messung_5_(J)_3610.csv","Changing"
"2021-05-07-13-05-54-Messung_5_(J)_3611.csv","Changing"
"2021-05-07-13-05-54-Messung_5_(J)_3612.csv","Changing"
"2021-05-07-13-05-54-Messung_5_(J)_3613.csv","Changing"
"2021-05-07-13-05-54-Messung_5_(J)_3614.csv","Changing"
"2021-05-07-13-05-54-Messung_5_(J)_3615.csv","Changing"
"2021-05-07-13-05-54-Messung_5_(J)_3616.csv","Changing"
"2021-05-07-13-05-54-Messung_5_(J)_3617.csv","Changing"
"2021-05-07-13-05-54-Messung_5_(J)_3618.csv","Changing"
"2021-05-07-13-05-54-Messung_5_(J)_3619.csv","Changing"
"2021-05-07-13-05-54-Messung_5_(J)_3620.csv","Changing"
"2021-05-07-13-05-54-Messung_5_(J)_3621.csv","Changing"
"2021-05-07-13-05-54-Messung_5_(J)_3622.csv","Changing"
"2021-05-07-13-05-54-Messung_5_(J)_3623.csv","Changing"
"2021-05-07-13-05-54-Messung_5_(J)_3624.csv","Changing"
"2021-05-07-13-05-54-Messung_5_(J)_3625.csv","Changing"
"2021-05-07-13-05-54-Messung_5_(J)_3626.csv","Changing"
"2021-05-07-13-05-55-Messung_5_(J)_3627.csv","Changing"
"2021-05-07-13-05-55-Messung_5_(J)_3628.csv","Changing"
"2021-05-07-13-05-55-Messung_5_(J)_3629.csv","Changing"
"2021-05-07-13-05-55-Messung_5_(J)_3630.csv","Changing"
"2021-05-07-13-05-55-Messung_5_(J)_3631.csv","Changing"
"2021-05-07-13-05-55-Messung_5_(J)_3632.csv","Supine"
"2021-05-07-13-05-55-Messung_5_(J)_3633.csv","Supine"
"2021-05-07-13-05-55-Messung_5_(J)_3634.csv","Supine"
"2021-05-07-13-05-55-Messung_5_(J)_3635.csv","Supine"
"2021-05-07-13-05-55-Messung_5_(J)_3636.csv","Supine"
"2021-05-07-13-05-55-Messung_5_(J)_3637.csv","Supine"
"2021-05-07-13-05-55-Messung_5_(J)_3638.csv","Supine"
"2021-05-07-13-05-55-Messung_5_(J)_3639.csv","Supine"
"2021-05-07-13-05-55-Messung_5_(J)_3640.csv","Supine"
"2021-05-07-13-05-55-Messung_5_(J)_3641.csv","Supine"
"2021-05-07-13-05-55-Messung_5_(J)_3642.csv","Supine"
"2021-05-07-13-05-55-Messung_5_(J)_3643.csv","Supine"
"2021-05-07-13-05-56-Messung_5_(J)_3644.csv","Supine"
"2021-05-07-13-05-56-Messung_5_(J)_3645.csv","Supine"
"2021-05-07-13-05-56-Messung_5_(J)_3646.csv","Supine"
"2021-05-07-13-05-56-Messung_5_(J)_3647.csv","Supine"
"2021-05-07-13-05-56-Messung_5_(J)_3648.csv","Supine"
"2021-05-07-13-05-56-Messung_5_(J)_3649.csv","Supine"
"2021-05-07-13-05-56-Messung_5_(J)_3650.csv","Supine"
"2021-05-07-13-05-56-Messung_5_(J)_3651.csv","Supine"
"2021-05-07-13-05-56-Messung_5_(J)_3652.csv","Supine"
"2021-05-07-13-05-56-Messung_5_(J)_3653.csv","Supine"
"2021-05-07-13-05-56-Messung_5_(J)_3654.csv","Supine"
"2021-05-07-13-05-56-Messung_5_(J)_3655.csv","Supine"
"2021-05-07-13-05-56-Messung_5_(J)_3656.csv","Supine"
"2021-05-07-13-05-56-Messung_5_(J)_3657.csv","Supine"
"2021-05-07-13-05-56-Messung_5_(J)_3658.csv","Supine"
"2021-05-07-13-05-56-Messung_5_(J)_3659.csv","Supine"
"2021-05-07-13-05-56-Messung_5_(J)_3660.csv","Supine"
"2021-05-07-13-05-56-Messung_5_(J)_3661.csv","Supine"
"2021-05-07-13-05-57-Messung_5_(J)_3662.csv","Supine"
"2021-05-07-13-05-57-Messung_5_(J)_3663.csv","Supine"
"2021-05-07-13-05-57-Messung_5_(J)_3664.csv","Supine"
"2021-05-07-13-05-57-Messung_5_(J)_3665.csv","Supine"
"2021-05-07-13-05-57-Messung_5_(J)_3666.csv","Supine"
"2021-05-07-13-05-57-Messung_5_(J)_3667.csv","Supine"
"2021-05-07-13-05-57-Messung_5_(J)_3668.csv","Supine"
"2021-05-07-13-05-57-Messung_5_(J)_3669.csv","Supine"
"2021-05-07-13-05-57-Messung_5_(J)_3670.csv","Supine"
"2021-05-07-13-05-57-Messung_5_(J)_3671.csv","Supine"
"2021-05-07-13-05-57-Messung_5_(J)_3672.csv","Supine"
"2021-05-07-13-05-57-Messung_5_(J)_3673.csv","Supine"
"2021-05-07-13-05-57-Messung_5_(J)_3674.csv","Supine"
"2021-05-07-13-05-57-Messung_5_(J)_3675.csv","Supine"
"2021-05-07-13-05-57-Messung_5_(J)_3676.csv","Supine"
"2021-05-07-13-05-57-Messung_5_(J)_3677.csv","Supine"
"2021-05-07-13-05-57-Messung_5_(J)_3678.csv","Supine"
"2021-05-07-13-05-57-Messung_5_(J)_3679.csv","Supine"
"2021-05-07-13-05-58-Messung_5_(J)_3680.csv","Supine"
"2021-05-07-13-05-58-Messung_5_(J)_3681.csv","Supine"
"2021-05-07-13-05-58-Messung_5_(J)_3682.csv","Supine"
"2021-05-07-13-05-58-Messung_5_(J)_3683.csv","Supine"
"2021-05-07-13-05-58-Messung_5_(J)_3684.csv","Supine"
"2021-05-07-13-05-58-Messung_5_(J)_3685.csv","Supine"
"2021-05-07-13-05-58-Messung_5_(J)_3686.csv","Supine"
"2021-05-07-13-05-58-Messung_5_(J)_3687.csv","Supine"
"2021-05-07-13-05-58-Messung_5_(J)_3688.csv","Supine"
"2021-05-07-13-05-58-Messung_5_(J)_3689.csv","Supine"
"2021-05-07-13-05-58-Messung_5_(J)_3690.csv","Supine"
"2021-05-07-13-05-58-Messung_5_(J)_3691.csv","Supine"
"2021-05-07-13-05-58-Messung_5_(J)_3692.csv","Supine"
"2021-05-07-13-05-58-Messung_5_(J)_3693.csv","Supine"
"2021-05-07-13-05-58-Messung_5_(J)_3694.csv","Supine"
"2021-05-07-13-05-58-Messung_5_(J)_3695.csv","Supine"
"2021-05-07-13-05-58-Messung_5_(J)_3696.csv","Supine"
"2021-05-07-13-05-59-Messung_5_(J)_3697.csv","Supine"
"2021-05-07-13-05-59-Messung_5_(J)_3698.csv","Supine"
"2021-05-07-13-05-59-Messung_5_(J)_3699.csv","Supine"
"2021-05-07-13-05-59-Messung_5_(J)_3700.csv","Supine"
"2021-05-07-13-05-59-Messung_5_(J)_3701.csv","Supine"
"2021-05-07-13-05-59-Messung_5_(J)_3702.csv","Supine"
"2021-05-07-13-05-59-Messung_5_(J)_3703.csv","Supine"
"2021-05-07-13-05-59-Messung_5_(J)_3704.csv","Supine"
"2021-05-07-13-05-59-Messung_5_(J)_3705.csv","Supine"
"2021-05-07-13-05-59-Messung_5_(J)_3706.csv","Supine"
"2021-05-07-13-05-59-Messung_5_(J)_3707.csv","Supine"
"2021-05-07-13-05-59-Messung_5_(J)_3708.csv","Supine"
"2021-05-07-13-05-59-Messung_5_(J)_3709.csv","Supine"
"2021-05-07-13-05-59-Messung_5_(J)_3710.csv","Supine"
"2021-05-07-13-05-59-Messung_5_(J)_3711.csv","Supine"
"2021-05-07-13-05-59-Messung_5_(J)_3712.csv","Supine"
"2021-05-07-13-05-59-Messung_5_(J)_3713.csv","Supine"
"2021-05-07-13-05-59-Messung_5_(J)_3714.csv","Supine"
"2021-05-07-13-06-00-Messung_5_(J)_3715.csv","Supine"
"2021-05-07-13-06-00-Messung_5_(J)_3716.csv","Supine"
"2021-05-07-13-06-00-Messung_5_(J)_3717.csv","Supine"
"2021-05-07-13-06-00-Messung_5_(J)_3718.csv","Supine"
"2021-05-07-13-06-00-Messung_5_(J)_3719.csv","Supine"
"2021-05-07-13-06-00-Messung_5_(J)_3720.csv","Supine"
"2021-05-07-13-06-00-Messung_5_(J)_3721.csv","Supine"
"2021-05-07-13-06-00-Messung_5_(J)_3722.csv","Supine"
"2021-05-07-13-06-00-Messung_5_(J)_3723.csv","Supine"
"2021-05-07-13-06-00-Messung_5_(J)_3724.csv","Supine"
"2021-05-07-13-06-00-Messung_5_(J)_3725.csv","Supine"
"2021-05-07-13-06-00-Messung_5_(J)_3726.csv","Supine"
"2021-05-07-13-06-00-Messung_5_(J)_3727.csv","Supine"
"2021-05-07-13-06-00-Messung_5_(J)_3728.csv","Supine"
"2021-05-07-13-06-00-Messung_5_(J)_3729.csv","Supine"
"2021-05-07-13-06-00-Messung_5_(J)_3730.csv","Supine"
"2021-05-07-13-06-00-Messung_5_(J)_3731.csv","Supine"
"2021-05-07-13-06-00-Messung_5_(J)_3732.csv","Supine"
"2021-05-07-13-06-01-Messung_5_(J)_3733.csv","Supine"
"2021-05-07-13-06-01-Messung_5_(J)_3734.csv","Supine"
"2021-05-07-13-06-01-Messung_5_(J)_3735.csv","Supine"
"2021-05-07-13-06-01-Messung_5_(J)_3736.csv","Supine"
"2021-05-07-13-06-01-Messung_5_(J)_3737.csv","Supine"
"2021-05-07-13-06-01-Messung_5_(J)_3738.csv","Supine"
"2021-05-07-13-06-01-Messung_5_(J)_3739.csv","Supine"
"2021-05-07-13-06-01-Messung_5_(J)_3740.csv","Supine"
"2021-05-07-13-06-01-Messung_5_(J)_3741.csv","Supine"
"2021-05-07-13-06-01-Messung_5_(J)_3742.csv","Supine"
"2021-05-07-13-06-01-Messung_5_(J)_3743.csv","Supine"
"2021-05-07-13-06-01-Messung_5_(J)_3744.csv","Supine"
"2021-05-07-13-06-01-Messung_5_(J)_3745.csv","Supine"
"2021-05-07-13-06-01-Messung_5_(J)_3746.csv","Supine"
"2021-05-07-13-06-01-Messung_5_(J)_3747.csv","Supine"
"2021-05-07-13-06-01-Messung_5_(J)_3748.csv","Supine"
"2021-05-07-13-06-01-Messung_5_(J)_3749.csv","Supine"
"2021-05-07-13-06-02-Messung_5_(J)_3750.csv","Supine"
"2021-05-07-13-06-02-Messung_5_(J)_3751.csv","Supine"
"2021-05-07-13-06-02-Messung_5_(J)_3752.csv","Supine"
"2021-05-07-13-06-02-Messung_5_(J)_3753.csv","Supine"
"2021-05-07-13-06-02-Messung_5_(J)_3754.csv","Supine"
"2021-05-07-13-06-02-Messung_5_(J)_3755.csv","Supine"
"2021-05-07-13-06-02-Messung_5_(J)_3756.csv","Supine"
"2021-05-07-13-06-02-Messung_5_(J)_3757.csv","Supine"
"2021-05-07-13-06-02-Messung_5_(J)_3758.csv","Supine"
"2021-05-07-13-06-02-Messung_5_(J)_3759.csv","Supine"
"2021-05-07-13-06-02-Messung_5_(J)_3760.csv","Supine"
"2021-05-07-13-06-02-Messung_5_(J)_3761.csv","Supine"
"2021-05-07-13-06-02-Messung_5_(J)_3762.csv","Supine"
"2021-05-07-13-06-02-Messung_5_(J)_3763.csv","Supine"
"2021-05-07-13-06-02-Messung_5_(J)_3764.csv","Supine"
"2021-05-07-13-06-02-Messung_5_(J)_3765.csv","Supine"
"2021-05-07-13-06-02-Messung_5_(J)_3766.csv","Supine"
"2021-05-07-13-06-02-Messung_5_(J)_3767.csv","Supine"
"2021-05-07-13-06-03-Messung_5_(J)_3768.csv","Supine"
"2021-05-07-13-06-03-Messung_5_(J)_3769.csv","Supine"
"2021-05-07-13-06-03-Messung_5_(J)_3770.csv","Supine"
"2021-05-07-13-06-03-Messung_5_(J)_3771.csv","Supine"
"2021-05-07-13-06-03-Messung_5_(J)_3772.csv","Supine"
"2021-05-07-13-06-03-Messung_5_(J)_3773.csv","Supine"
"2021-05-07-13-06-03-Messung_5_(J)_3774.csv","Supine"
"2021-05-07-13-06-03-Messung_5_(J)_3775.csv","Supine"
"2021-05-07-13-06-03-Messung_5_(J)_3776.csv","Supine"
"2021-05-07-13-06-03-Messung_5_(J)_3777.csv","Supine"
"2021-05-07-13-06-03-Messung_5_(J)_3778.csv","Supine"
"2021-05-07-13-06-03-Messung_5_(J)_3779.csv","Supine"
"2021-05-07-13-06-03-Messung_5_(J)_3780.csv","Supine"
"2021-05-07-13-06-03-Messung_5_(J)_3781.csv","Supine"
"2021-05-07-13-06-03-Messung_5_(J)_3782.csv","Supine"
"2021-05-07-13-06-03-Messung_5_(J)_3783.csv","Supine"
"2021-05-07-13-06-03-Messung_5_(J)_3784.csv","Supine"
"2021-05-07-13-06-03-Messung_5_(J)_3785.csv","Supine"
"2021-05-07-13-06-04-Messung_5_(J)_3786.csv","Supine"
"2021-05-07-13-06-04-Messung_5_(J)_3787.csv","Supine"
"2021-05-07-13-06-04-Messung_5_(J)_3788.csv","Supine"
"2021-05-07-13-06-04-Messung_5_(J)_3789.csv","Supine"
"2021-05-07-13-06-04-Messung_5_(J)_3790.csv","Supine"
"2021-05-07-13-06-04-Messung_5_(J)_3791.csv","Supine"
"2021-05-07-13-06-04-Messung_5_(J)_3792.csv","Supine"
"2021-05-07-13-06-04-Messung_5_(J)_3793.csv","Supine"
"2021-05-07-13-06-04-Messung_5_(J)_3794.csv","Supine"
"2021-05-07-13-06-04-Messung_5_(J)_3795.csv","Supine"
"2021-05-07-13-06-04-Messung_5_(J)_3796.csv","Supine"
"2021-05-07-13-06-04-Messung_5_(J)_3797.csv","Supine"
"2021-05-07-13-06-04-Messung_5_(J)_3798.csv","Supine"
"2021-05-07-13-06-04-Messung_5_(J)_3799.csv","Supine"
"2021-05-07-13-06-04-Messung_5_(J)_3800.csv","Supine"
"2021-05-07-13-06-04-Messung_5_(J)_3801.csv","Supine"
"2021-05-07-13-06-04-Messung_5_(J)_3802.csv","Supine"
"2021-05-07-13-06-05-Messung_5_(J)_3803.csv","Supine"
"2021-05-07-13-06-05-Messung_5_(J)_3804.csv","Supine"
"2021-05-07-13-06-05-Messung_5_(J)_3805.csv","Supine"
"2021-05-07-13-06-05-Messung_5_(J)_3806.csv","Supine"
"2021-05-07-13-06-05-Messung_5_(J)_3807.csv","Supine"
"2021-05-07-13-06-05-Messung_5_(J)_3808.csv","Supine"
"2021-05-07-13-06-05-Messung_5_(J)_3809.csv","Supine"
"2021-05-07-13-06-05-Messung_5_(J)_3810.csv","Supine"
"2021-05-07-13-06-05-Messung_5_(J)_3811.csv","Supine"
"2021-05-07-13-06-05-Messung_5_(J)_3812.csv","Supine"
"2021-05-07-13-06-05-Messung_5_(J)_3813.csv","Supine"
"2021-05-07-13-06-05-Messung_5_(J)_3814.csv","Supine"
"2021-05-07-13-06-05-Messung_5_(J)_3815.csv","Supine"
"2021-05-07-13-06-05-Messung_5_(J)_3816.csv","Supine"
"2021-05-07-13-06-05-Messung_5_(J)_3817.csv","Supine"
"2021-05-07-13-06-05-Messung_5_(J)_3818.csv","Supine"
"2021-05-07-13-06-05-Messung_5_(J)_3819.csv","Supine"
"2021-05-07-13-06-05-Messung_5_(J)_3820.csv","Supine"
"2021-05-07-13-06-06-Messung_5_(J)_3821.csv","Supine"
"2021-05-07-13-06-06-Messung_5_(J)_3822.csv","Supine"
"2021-05-07-13-06-06-Messung_5_(J)_3823.csv","Supine"
"2021-05-07-13-06-06-Messung_5_(J)_3824.csv","Supine"
"2021-05-07-13-06-06-Messung_5_(J)_3825.csv","Supine"
"2021-05-07-13-06-06-Messung_5_(J)_3826.csv","Supine"
"2021-05-07-13-06-06-Messung_5_(J)_3827.csv","Supine"
"2021-05-07-13-06-06-Messung_5_(J)_3828.csv","Supine"
"2021-05-07-13-06-06-Messung_5_(J)_3829.csv","Supine"
"2021-05-07-13-06-06-Messung_5_(J)_3830.csv","Supine"
"2021-05-07-13-06-06-Messung_5_(J)_3831.csv","Supine"
"2021-05-07-13-06-06-Messung_5_(J)_3832.csv","Supine"
"2021-05-07-13-06-06-Messung_5_(J)_3833.csv","Supine"
"2021-05-07-13-06-06-Messung_5_(J)_3834.csv","Supine"
"2021-05-07-13-06-06-Messung_5_(J)_3835.csv","Supine"
"2021-05-07-13-06-06-Messung_5_(J)_3836.csv","Supine"
"2021-05-07-13-06-06-Messung_5_(J)_3837.csv","Supine"
"2021-05-07-13-06-06-Messung_5_(J)_3838.csv","Supine"
"2021-05-07-13-06-07-Messung_5_(J)_3839.csv","Supine"
"2021-05-07-13-06-07-Messung_5_(J)_3840.csv","Supine"
"2021-05-07-13-06-07-Messung_5_(J)_3841.csv","Supine"
"2021-05-07-13-06-07-Messung_5_(J)_3842.csv","Supine"
"2021-05-07-13-06-07-Messung_5_(J)_3843.csv","Supine"
"2021-05-07-13-06-07-Messung_5_(J)_3844.csv","Supine"
"2021-05-07-13-06-07-Messung_5_(J)_3845.csv","Supine"
"2021-05-07-13-06-07-Messung_5_(J)_3846.csv","Supine"
"2021-05-07-13-06-07-Messung_5_(J)_3847.csv","Supine"
"2021-05-07-13-06-07-Messung_5_(J)_3848.csv","Supine"
"2021-05-07-13-06-07-Messung_5_(J)_3849.csv","Supine"
"2021-05-07-13-06-07-Messung_5_(J)_3850.csv","Supine"
"2021-05-07-13-06-07-Messung_5_(J)_3851.csv","Supine"
"2021-05-07-13-06-07-Messung_5_(J)_3852.csv","Supine"
"2021-05-07-13-06-07-Messung_5_(J)_3853.csv","Supine"
"2021-05-07-13-06-07-Messung_5_(J)_3854.csv","Supine"
"2021-05-07-13-06-07-Messung_5_(J)_3855.csv","Supine"
"2021-05-07-13-06-08-Messung_5_(J)_3856.csv","Supine"
"2021-05-07-13-06-08-Messung_5_(J)_3857.csv","Supine"
"2021-05-07-13-06-08-Messung_5_(J)_3858.csv","Supine"
"2021-05-07-13-06-08-Messung_5_(J)_3859.csv","Supine"
"2021-05-07-13-06-08-Messung_5_(J)_3860.csv","Supine"
"2021-05-07-13-06-08-Messung_5_(J)_3861.csv","Supine"
"2021-05-07-13-06-08-Messung_5_(J)_3862.csv","Supine"
"2021-05-07-13-06-08-Messung_5_(J)_3863.csv","Supine"
"2021-05-07-13-06-08-Messung_5_(J)_3864.csv","Supine"
"2021-05-07-13-06-08-Messung_5_(J)_3865.csv","Supine"
"2021-05-07-13-06-08-Messung_5_(J)_3866.csv","Supine"
"2021-05-07-13-06-08-Messung_5_(J)_3867.csv","Supine"
"2021-05-07-13-06-08-Messung_5_(J)_3868.csv","Supine"
"2021-05-07-13-06-08-Messung_5_(J)_3869.csv","Supine"
"2021-05-07-13-06-08-Messung_5_(J)_3870.csv","Supine"
"2021-05-07-13-06-08-Messung_5_(J)_3871.csv","Supine"
"2021-05-07-13-06-08-Messung_5_(J)_3872.csv","Supine"
"2021-05-07-13-06-08-Messung_5_(J)_3873.csv","Supine"
"2021-05-07-13-06-09-Messung_5_(J)_3874.csv","Supine"
"2021-05-07-13-06-09-Messung_5_(J)_3875.csv","Supine"
"2021-05-07-13-06-09-Messung_5_(J)_3876.csv","Supine"
"2021-05-07-13-06-09-Messung_5_(J)_3877.csv","Supine"
"2021-05-07-13-06-09-Messung_5_(J)_3878.csv","Supine"
"2021-05-07-13-06-09-Messung_5_(J)_3879.csv","Supine"
"2021-05-07-13-06-09-Messung_5_(J)_3880.csv","Supine"
"2021-05-07-13-06-09-Messung_5_(J)_3881.csv","Supine"
"2021-05-07-13-06-09-Messung_5_(J)_3882.csv","Supine"
"2021-05-07-13-06-09-Messung_5_(J)_3883.csv","Supine"
"2021-05-07-13-06-09-Messung_5_(J)_3884.csv","Supine"
"2021-05-07-13-06-09-Messung_5_(J)_3885.csv","Supine"
"2021-05-07-13-06-09-Messung_5_(J)_3886.csv","Supine"
"2021-05-07-13-06-09-Messung_5_(J)_3887.csv","Supine"
"2021-05-07-13-06-09-Messung_5_(J)_3888.csv","Supine"
"2021-05-07-13-06-09-Messung_5_(J)_3889.csv","Supine"
"2021-05-07-13-06-09-Messung_5_(J)_3890.csv","Supine"
"2021-05-07-13-06-09-Messung_5_(J)_3891.csv","Supine"
"2021-05-07-13-06-10-Messung_5_(J)_3892.csv","Supine"
"2021-05-07-13-06-10-Messung_5_(J)_3893.csv","Supine"
"2021-05-07-13-06-10-Messung_5_(J)_3894.csv","Supine"
"2021-05-07-13-06-10-Messung_5_(J)_3895.csv","Supine"
"2021-05-07-13-06-10-Messung_5_(J)_3896.csv","Supine"
"2021-05-07-13-06-10-Messung_5_(J)_3897.csv","Supine"
"2021-05-07-13-06-10-Messung_5_(J)_3898.csv","Supine"
"2021-05-07-13-06-10-Messung_5_(J)_3899.csv","Supine"
"2021-05-07-13-06-10-Messung_5_(J)_3900.csv","Supine"
"2021-05-07-13-06-10-Messung_5_(J)_3901.csv","Supine"
"2021-05-07-13-06-10-Messung_5_(J)_3902.csv","Supine"
"2021-05-07-13-06-10-Messung_5_(J)_3903.csv","Supine"
"2021-05-07-13-06-10-Messung_5_(J)_3904.csv","Supine"
"2021-05-07-13-06-10-Messung_5_(J)_3905.csv","Supine"
"2021-05-07-13-06-10-Messung_5_(J)_3906.csv","Supine"
"2021-05-07-13-06-10-Messung_5_(J)_3907.csv","Supine"
"2021-05-07-13-06-10-Messung_5_(J)_3908.csv","Supine"
"2021-05-07-13-06-11-Messung_5_(J)_3909.csv","Supine"
"2021-05-07-13-06-11-Messung_5_(J)_3910.csv","Supine"
"2021-05-07-13-06-11-Messung_5_(J)_3911.csv","Supine"
"2021-05-07-13-06-11-Messung_5_(J)_3912.csv","Supine"
"2021-05-07-13-06-11-Messung_5_(J)_3913.csv","Supine"
"2021-05-07-13-06-11-Messung_5_(J)_3914.csv","Supine"
"2021-05-07-13-06-11-Messung_5_(J)_3915.csv","Supine"
"2021-05-07-13-06-11-Messung_5_(J)_3916.csv","Supine"
"2021-05-07-13-06-11-Messung_5_(J)_3917.csv","Supine"
"2021-05-07-13-06-11-Messung_5_(J)_3918.csv","Supine"
"2021-05-07-13-06-11-Messung_5_(J)_3919.csv","Supine"
"2021-05-07-13-06-11-Messung_5_(J)_3920.csv","Supine"
"2021-05-07-13-06-11-Messung_5_(J)_3921.csv","Supine"
"2021-05-07-13-06-11-Messung_5_(J)_3922.csv","Supine"
"2021-05-07-13-06-11-Messung_5_(J)_3923.csv","Supine"
"2021-05-07-13-06-11-Messung_5_(J)_3924.csv","Supine"
"2021-05-07-13-06-11-Messung_5_(J)_3925.csv","Supine"
"2021-05-07-13-06-11-Messung_5_(J)_3926.csv","Supine"
"2021-05-07-13-06-12-Messung_5_(J)_3927.csv","Supine"
"2021-05-07-13-06-12-Messung_5_(J)_3928.csv","Supine"
"2021-05-07-13-06-12-Messung_5_(J)_3929.csv","Supine"
"2021-05-07-13-06-12-Messung_5_(J)_3930.csv","Supine"
"2021-05-07-13-06-12-Messung_5_(J)_3931.csv","Supine"
"2021-05-07-13-06-12-Messung_5_(J)_3932.csv","Supine"
"2021-05-07-13-06-12-Messung_5_(J)_3933.csv","Supine"
"2021-05-07-13-06-12-Messung_5_(J)_3934.csv","Supine"
"2021-05-07-13-06-12-Messung_5_(J)_3935.csv","Supine"
"2021-05-07-13-06-12-Messung_5_(J)_3936.csv","Supine"
"2021-05-07-13-06-12-Messung_5_(J)_3937.csv","Supine"
"2021-05-07-13-06-12-Messung_5_(J)_3938.csv","Supine"
"2021-05-07-13-06-12-Messung_5_(J)_3939.csv","Supine"
"2021-05-07-13-06-12-Messung_5_(J)_3940.csv","Supine"
"2021-05-07-13-06-12-Messung_5_(J)_3941.csv","Supine"
"2021-05-07-13-06-12-Messung_5_(J)_3942.csv","Supine"
"2021-05-07-13-06-12-Messung_5_(J)_3943.csv","Supine"
"2021-05-07-13-06-12-Messung_5_(J)_3944.csv","Supine"
"2021-05-07-13-06-13-Messung_5_(J)_3945.csv","Supine"
"2021-05-07-13-06-13-Messung_5_(J)_3946.csv","Supine"
"2021-05-07-13-06-13-Messung_5_(J)_3947.csv","Supine"
"2021-05-07-13-06-13-Messung_5_(J)_3948.csv","Supine"
"2021-05-07-13-06-13-Messung_5_(J)_3949.csv","Supine"
"2021-05-07-13-06-13-Messung_5_(J)_3950.csv","Supine"
"2021-05-07-13-06-13-Messung_5_(J)_3951.csv","Supine"
"2021-05-07-13-06-13-Messung_5_(J)_3952.csv","Supine"
"2021-05-07-13-06-13-Messung_5_(J)_3953.csv","Supine"
"2021-05-07-13-06-13-Messung_5_(J)_3954.csv","Supine"
"2021-05-07-13-06-13-Messung_5_(J)_3955.csv","Supine"
"2021-05-07-13-06-13-Messung_5_(J)_3956.csv","Supine"
"2021-05-07-13-06-13-Messung_5_(J)_3957.csv","Supine"
"2021-05-07-13-06-13-Messung_5_(J)_3958.csv","Supine"
"2021-05-07-13-06-13-Messung_5_(J)_3959.csv","Supine"
"2021-05-07-13-06-13-Messung_5_(J)_3960.csv","Supine"
"2021-05-07-13-06-13-Messung_5_(J)_3961.csv","Supine"
"2021-05-07-13-06-14-Messung_5_(J)_3962.csv","Supine"
"2021-05-07-13-06-14-Messung_5_(J)_3963.csv","Supine"
"2021-05-07-13-06-14-Messung_5_(J)_3964.csv","Supine"
"2021-05-07-13-06-14-Messung_5_(J)_3965.csv","Supine"
"2021-05-07-13-06-14-Messung_5_(J)_3966.csv","Supine"
"2021-05-07-13-06-14-Messung_5_(J)_3967.csv","Supine"
"2021-05-07-13-06-14-Messung_5_(J)_3968.csv","Supine"
"2021-05-07-13-06-14-Messung_5_(J)_3969.csv","Supine"
"2021-05-07-13-06-14-Messung_5_(J)_3970.csv","Supine"
"2021-05-07-13-06-14-Messung_5_(J)_3971.csv","Supine"
"2021-05-07-13-06-14-Messung_5_(J)_3972.csv","Supine"
"2021-05-07-13-06-14-Messung_5_(J)_3973.csv","Supine"
"2021-05-07-13-06-14-Messung_5_(J)_3974.csv","Supine"
"2021-05-07-13-06-14-Messung_5_(J)_3975.csv","Supine"
"2021-05-07-13-06-14-Messung_5_(J)_3976.csv","Supine"
"2021-05-07-13-06-14-Messung_5_(J)_3977.csv","Supine"
"2021-05-07-13-06-14-Messung_5_(J)_3978.csv","Supine"
"2021-05-07-13-06-14-Messung_5_(J)_3979.csv","Supine"
"2021-05-07-13-06-15-Messung_5_(J)_3980.csv","Supine"
"2021-05-07-13-06-15-Messung_5_(J)_3981.csv","Supine"
"2021-05-07-13-06-15-Messung_5_(J)_3982.csv","Supine"
"2021-05-07-13-06-15-Messung_5_(J)_3983.csv","Supine"
"2021-05-07-13-06-15-Messung_5_(J)_3984.csv","Supine"
"2021-05-07-13-06-15-Messung_5_(J)_3985.csv","Supine"
"2021-05-07-13-06-15-Messung_5_(J)_3986.csv","Supine"
"2021-05-07-13-06-15-Messung_5_(J)_3987.csv","Supine"
"2021-05-07-13-06-15-Messung_5_(J)_3988.csv","Supine"
"2021-05-07-13-06-15-Messung_5_(J)_3989.csv","Supine"
"2021-05-07-13-06-15-Messung_5_(J)_3990.csv","Supine"
"2021-05-07-13-06-15-Messung_5_(J)_3991.csv","Supine"
"2021-05-07-13-06-15-Messung_5_(J)_3992.csv","Supine"
"2021-05-07-13-06-15-Messung_5_(J)_3993.csv","Supine"
"2021-05-07-13-06-15-Messung_5_(J)_3994.csv","Supine"
"2021-05-07-13-06-15-Messung_5_(J)_3995.csv","Supine"
"2021-05-07-13-06-15-Messung_5_(J)_3996.csv","Supine"
"2021-05-07-13-06-15-Messung_5_(J)_3997.csv","Supine"
"2021-05-07-13-06-16-Messung_5_(J)_3998.csv","Supine"
"2021-05-07-13-06-16-Messung_5_(J)_3999.csv","Supine"
"2021-05-07-13-06-16-Messung_5_(J)_4000.csv","Supine"
"2021-05-07-13-06-16-Messung_5_(J)_4001.csv","Supine"
"2021-05-07-13-06-16-Messung_5_(J)_4002.csv","Supine"
"2021-05-07-13-06-16-Messung_5_(J)_4003.csv","Supine"
"2021-05-07-13-06-16-Messung_5_(J)_4004.csv","Supine"
"2021-05-07-13-06-16-Messung_5_(J)_4005.csv","Supine"
"2021-05-07-13-06-16-Messung_5_(J)_4006.csv","Supine"
"2021-05-07-13-06-16-Messung_5_(J)_4007.csv","Supine"
"2021-05-07-13-06-16-Messung_5_(J)_4008.csv","Supine"
"2021-05-07-13-06-16-Messung_5_(J)_4009.csv","Supine"
"2021-05-07-13-06-16-Messung_5_(J)_4010.csv","Supine"
"2021-05-07-13-06-16-Messung_5_(J)_4011.csv","Supine"
"2021-05-07-13-06-16-Messung_5_(J)_4012.csv","Supine"
"2021-05-07-13-06-16-Messung_5_(J)_4013.csv","Supine"
"2021-05-07-13-06-16-Messung_5_(J)_4014.csv","Supine"
"2021-05-07-13-06-17-Messung_5_(J)_4015.csv","Supine"
"2021-05-07-13-06-17-Messung_5_(J)_4016.csv","Supine"
"2021-05-07-13-06-17-Messung_5_(J)_4017.csv","Supine"
"2021-05-07-13-06-17-Messung_5_(J)_4018.csv","Supine"
"2021-05-07-13-06-17-Messung_5_(J)_4019.csv","Supine"
"2021-05-07-13-06-17-Messung_5_(J)_4020.csv","Supine"
"2021-05-07-13-06-17-Messung_5_(J)_4021.csv","Supine"
"2021-05-07-13-06-17-Messung_5_(J)_4022.csv","Supine"
"2021-05-07-13-06-17-Messung_5_(J)_4023.csv","Supine"
"2021-05-07-13-06-17-Messung_5_(J)_4024.csv","Supine"
"2021-05-07-13-06-17-Messung_5_(J)_4025.csv","Supine"
"2021-05-07-13-06-17-Messung_5_(J)_4026.csv","Supine"
"2021-05-07-13-06-17-Messung_5_(J)_4027.csv","Supine"
"2021-05-07-13-06-17-Messung_5_(J)_4028.csv","Supine"
"2021-05-07-13-06-17-Messung_5_(J)_4029.csv","Supine"
"2021-05-07-13-06-17-Messung_5_(J)_4030.csv","Supine"
"2021-05-07-13-06-17-Messung_5_(J)_4031.csv","Supine"
"2021-05-07-13-06-17-Messung_5_(J)_4032.csv","Supine"
"2021-05-07-13-06-18-Messung_5_(J)_4033.csv","Supine"
"2021-05-07-13-06-18-Messung_5_(J)_4034.csv","Supine"
"2021-05-07-13-06-18-Messung_5_(J)_4035.csv","Supine"
"2021-05-07-13-06-18-Messung_5_(J)_4036.csv","Supine"
"2021-05-07-13-06-18-Messung_5_(J)_4037.csv","Supine"
"2021-05-07-13-06-18-Messung_5_(J)_4038.csv","Supine"
"2021-05-07-13-06-18-Messung_5_(J)_4039.csv","Supine"
"2021-05-07-13-06-18-Messung_5_(J)_4040.csv","Supine"
"2021-05-07-13-06-18-Messung_5_(J)_4041.csv","Supine"
"2021-05-07-13-06-18-Messung_5_(J)_4042.csv","Supine"
"2021-05-07-13-06-18-Messung_5_(J)_4043.csv","Supine"
"2021-05-07-13-06-18-Messung_5_(J)_4044.csv","Supine"
"2021-05-07-13-06-18-Messung_5_(J)_4045.csv","Supine"
"2021-05-07-13-06-18-Messung_5_(J)_4046.csv","Supine"
"2021-05-07-13-06-18-Messung_5_(J)_4047.csv","Supine"
"2021-05-07-13-06-18-Messung_5_(J)_4048.csv","Supine"
"2021-05-07-13-06-18-Messung_5_(J)_4049.csv","Supine"
"2021-05-07-13-06-18-Messung_5_(J)_4050.csv","Supine"
"2021-05-07-13-06-19-Messung_5_(J)_4051.csv","Supine"
"2021-05-07-13-06-19-Messung_5_(J)_4052.csv","Supine"
"2021-05-07-13-06-19-Messung_5_(J)_4053.csv","Supine"
"2021-05-07-13-06-19-Messung_5_(J)_4054.csv","Supine"
"2021-05-07-13-06-19-Messung_5_(J)_4055.csv","Supine"
"2021-05-07-13-06-19-Messung_5_(J)_4056.csv","Supine"
"2021-05-07-13-06-19-Messung_5_(J)_4057.csv","Supine"
"2021-05-07-13-06-19-Messung_5_(J)_4058.csv","Supine"
"2021-05-07-13-06-19-Messung_5_(J)_4059.csv","Supine"
"2021-05-07-13-06-19-Messung_5_(J)_4060.csv","Supine"
"2021-05-07-13-06-19-Messung_5_(J)_4061.csv","Supine"
"2021-05-07-13-06-19-Messung_5_(J)_4062.csv","Supine"
"2021-05-07-13-06-19-Messung_5_(J)_4063.csv","Supine"
"2021-05-07-13-06-19-Messung_5_(J)_4064.csv","Supine"
"2021-05-07-13-06-19-Messung_5_(J)_4065.csv","Supine"
"2021-05-07-13-06-19-Messung_5_(J)_4066.csv","Supine"
"2021-05-07-13-06-19-Messung_5_(J)_4067.csv","Supine"
"2021-05-07-13-06-20-Messung_5_(J)_4068.csv","Supine"
"2021-05-07-13-06-20-Messung_5_(J)_4069.csv","Supine"
"2021-05-07-13-06-20-Messung_5_(J)_4070.csv","Supine"
"2021-05-07-13-06-20-Messung_5_(J)_4071.csv","Supine"
"2021-05-07-13-06-20-Messung_5_(J)_4072.csv","Supine"
"2021-05-07-13-06-20-Messung_5_(J)_4073.csv","Supine"
"2021-05-07-13-06-20-Messung_5_(J)_4074.csv","Supine"
"2021-05-07-13-06-20-Messung_5_(J)_4075.csv","Supine"
"2021-05-07-13-06-20-Messung_5_(J)_4076.csv","Supine"
"2021-05-07-13-06-20-Messung_5_(J)_4077.csv","Supine"
"2021-05-07-13-06-20-Messung_5_(J)_4078.csv","Supine"
"2021-05-07-13-06-20-Messung_5_(J)_4079.csv","Supine"
"2021-05-07-13-06-20-Messung_5_(J)_4080.csv","Supine"
"2021-05-07-13-06-20-Messung_5_(J)_4081.csv","Supine"
"2021-05-07-13-06-20-Messung_5_(J)_4082.csv","Supine"
"2021-05-07-13-06-20-Messung_5_(J)_4083.csv","Supine"
"2021-05-07-13-06-20-Messung_5_(J)_4084.csv","Supine"
"2021-05-07-13-06-20-Messung_5_(J)_4085.csv","Supine"
"2021-05-07-13-06-21-Messung_5_(J)_4086.csv","Supine"
"2021-05-07-13-06-21-Messung_5_(J)_4087.csv","Supine"
"2021-05-07-13-06-21-Messung_5_(J)_4088.csv","Supine"
"2021-05-07-13-06-21-Messung_5_(J)_4089.csv","Supine"
"2021-05-07-13-06-21-Messung_5_(J)_4090.csv","Supine"
"2021-05-07-13-06-21-Messung_5_(J)_4091.csv","Supine"
"2021-05-07-13-06-21-Messung_5_(J)_4092.csv","Supine"
"2021-05-07-13-06-21-Messung_5_(J)_4093.csv","Supine"
"2021-05-07-13-06-21-Messung_5_(J)_4094.csv","Supine"
"2021-05-07-13-06-21-Messung_5_(J)_4095.csv","Supine"
"2021-05-07-13-06-21-Messung_5_(J)_4096.csv","Supine"
"2021-05-07-13-06-21-Messung_5_(J)_4097.csv","Supine"
"2021-05-07-13-06-21-Messung_5_(J)_4098.csv","Supine"
"2021-05-07-13-06-21-Messung_5_(J)_4099.csv","Supine"
"2021-05-07-13-06-21-Messung_5_(J)_4100.csv","Supine"
"2021-05-07-13-06-21-Messung_5_(J)_4101.csv","Supine"
"2021-05-07-13-06-21-Messung_5_(J)_4102.csv","Supine"
"2021-05-07-13-06-21-Messung_5_(J)_4103.csv","Supine"
"2021-05-07-13-06-22-Messung_5_(J)_4104.csv","Supine"
"2021-05-07-13-06-22-Messung_5_(J)_4105.csv","Supine"
"2021-05-07-13-06-22-Messung_5_(J)_4106.csv","Supine"
"2021-05-07-13-06-22-Messung_5_(J)_4107.csv","Supine"
"2021-05-07-13-06-22-Messung_5_(J)_4108.csv","Supine"
"2021-05-07-13-06-22-Messung_5_(J)_4109.csv","Supine"
"2021-05-07-13-06-22-Messung_5_(J)_4110.csv","Supine"
"2021-05-07-13-06-22-Messung_5_(J)_4111.csv","Supine"
"2021-05-07-13-06-22-Messung_5_(J)_4112.csv","Supine"
"2021-05-07-13-06-22-Messung_5_(J)_4113.csv","Supine"
"2021-05-07-13-06-22-Messung_5_(J)_4114.csv","Supine"
"2021-05-07-13-06-22-Messung_5_(J)_4115.csv","Supine"
"2021-05-07-13-06-22-Messung_5_(J)_4116.csv","Supine"
"2021-05-07-13-06-22-Messung_5_(J)_4117.csv","Supine"
"2021-05-07-13-06-22-Messung_5_(J)_4118.csv","Supine"
"2021-05-07-13-06-22-Messung_5_(J)_4119.csv","Supine"
"2021-05-07-13-06-22-Messung_5_(J)_4120.csv","Supine"
"2021-05-07-13-06-23-Messung_5_(J)_4121.csv","Supine"
"2021-05-07-13-06-23-Messung_5_(J)_4122.csv","Supine"
"2021-05-07-13-06-23-Messung_5_(J)_4123.csv","Supine"
"2021-05-07-13-06-23-Messung_5_(J)_4124.csv","Supine"
"2021-05-07-13-06-23-Messung_5_(J)_4125.csv","Supine"
"2021-05-07-13-06-23-Messung_5_(J)_4126.csv","Supine"
"2021-05-07-13-06-23-Messung_5_(J)_4127.csv","Supine"
"2021-05-07-13-06-23-Messung_5_(J)_4128.csv","Supine"
"2021-05-07-13-06-23-Messung_5_(J)_4129.csv","Supine"
"2021-05-07-13-06-23-Messung_5_(J)_4130.csv","Supine"
"2021-05-07-13-06-23-Messung_5_(J)_4131.csv","Supine"
"2021-05-07-13-06-23-Messung_5_(J)_4132.csv","Supine"
"2021-05-07-13-06-23-Messung_5_(J)_4133.csv","Supine"
"2021-05-07-13-06-23-Messung_5_(J)_4134.csv","Supine"
"2021-05-07-13-06-23-Messung_5_(J)_4135.csv","Supine"
"2021-05-07-13-06-23-Messung_5_(J)_4136.csv","Supine"
"2021-05-07-13-06-23-Messung_5_(J)_4137.csv","Supine"
"2021-05-07-13-06-23-Messung_5_(J)_4138.csv","Supine"
"2021-05-07-13-06-24-Messung_5_(J)_4139.csv","Supine"
"2021-05-07-13-06-24-Messung_5_(J)_4140.csv","Supine"
"2021-05-07-13-06-24-Messung_5_(J)_4141.csv","Supine"
"2021-05-07-13-06-24-Messung_5_(J)_4142.csv","Supine"
"2021-05-07-13-06-24-Messung_5_(J)_4143.csv","Supine"
"2021-05-07-13-06-24-Messung_5_(J)_4144.csv","Supine"
"2021-05-07-13-06-24-Messung_5_(J)_4145.csv","Supine"
"2021-05-07-13-06-24-Messung_5_(J)_4146.csv","Supine"
"2021-05-07-13-06-24-Messung_5_(J)_4147.csv","Supine"
"2021-05-07-13-06-24-Messung_5_(J)_4148.csv","Supine"
"2021-05-07-13-06-24-Messung_5_(J)_4149.csv","Supine"
"2021-05-07-13-06-24-Messung_5_(J)_4150.csv","Supine"
"2021-05-07-13-06-24-Messung_5_(J)_4151.csv","Supine"
"2021-05-07-13-06-24-Messung_5_(J)_4152.csv","Supine"
"2021-05-07-13-06-24-Messung_5_(J)_4153.csv","Supine"
"2021-05-07-13-06-24-Messung_5_(J)_4154.csv","Supine"
"2021-05-07-13-06-24-Messung_5_(J)_4155.csv","Supine"
"2021-05-07-13-06-24-Messung_5_(J)_4156.csv","Supine"
"2021-05-07-13-06-25-Messung_5_(J)_4157.csv","Supine"
"2021-05-07-13-06-25-Messung_5_(J)_4158.csv","Supine"
"2021-05-07-13-06-25-Messung_5_(J)_4159.csv","Supine"
"2021-05-07-13-06-25-Messung_5_(J)_4160.csv","Supine"
"2021-05-07-13-06-25-Messung_5_(J)_4161.csv","Supine"
"2021-05-07-13-06-25-Messung_5_(J)_4162.csv","Supine"
"2021-05-07-13-06-25-Messung_5_(J)_4163.csv","Supine"
"2021-05-07-13-06-25-Messung_5_(J)_4164.csv","Supine"
"2021-05-07-13-06-25-Messung_5_(J)_4165.csv","Supine"
"2021-05-07-13-06-25-Messung_5_(J)_4166.csv","Supine"
"2021-05-07-13-06-25-Messung_5_(J)_4167.csv","Supine"
"2021-05-07-13-06-25-Messung_5_(J)_4168.csv","Supine"
"2021-05-07-13-06-25-Messung_5_(J)_4169.csv","Supine"
"2021-05-07-13-06-25-Messung_5_(J)_4170.csv","Supine"
"2021-05-07-13-06-25-Messung_5_(J)_4171.csv","Supine"
"2021-05-07-13-06-25-Messung_5_(J)_4172.csv","Supine"
"2021-05-07-13-06-25-Messung_5_(J)_4173.csv","Supine"
"2021-05-07-13-06-26-Messung_5_(J)_4174.csv","Supine"
"2021-05-07-13-06-26-Messung_5_(J)_4175.csv","Supine"
"2021-05-07-13-06-26-Messung_5_(J)_4176.csv","Supine"
"2021-05-07-13-06-26-Messung_5_(J)_4177.csv","Supine"
"2021-05-07-13-06-26-Messung_5_(J)_4178.csv","Supine"
"2021-05-07-13-06-26-Messung_5_(J)_4179.csv","Supine"
"2021-05-07-13-06-26-Messung_5_(J)_4180.csv","Supine"
"2021-05-07-13-06-26-Messung_5_(J)_4181.csv","Supine"
"2021-05-07-13-06-26-Messung_5_(J)_4182.csv","Supine"
"2021-05-07-13-06-26-Messung_5_(J)_4183.csv","Supine"
"2021-05-07-13-06-26-Messung_5_(J)_4184.csv","Supine"
"2021-05-07-13-06-26-Messung_5_(J)_4185.csv","Supine"
"2021-05-07-13-06-26-Messung_5_(J)_4186.csv","Supine"
"2021-05-07-13-06-26-Messung_5_(J)_4187.csv","Supine"
"2021-05-07-13-06-26-Messung_5_(J)_4188.csv","Supine"
"2021-05-07-13-06-26-Messung_5_(J)_4189.csv","Supine"
"2021-05-07-13-06-26-Messung_5_(J)_4190.csv","Supine"
"2021-05-07-13-06-26-Messung_5_(J)_4191.csv","Supine"
"2021-05-07-13-06-27-Messung_5_(J)_4192.csv","Supine"
"2021-05-07-13-06-27-Messung_5_(J)_4193.csv","Supine"
"2021-05-07-13-06-27-Messung_5_(J)_4194.csv","Supine"
"2021-05-07-13-06-27-Messung_5_(J)_4195.csv","Supine"
"2021-05-07-13-06-27-Messung_5_(J)_4196.csv","Supine"
"2021-05-07-13-06-27-Messung_5_(J)_4197.csv","Supine"
"2021-05-07-13-06-27-Messung_5_(J)_4198.csv","Supine"
"2021-05-07-13-06-27-Messung_5_(J)_4199.csv","Supine"
"2021-05-07-13-06-27-Messung_5_(J)_4200.csv","Supine"
"2021-05-07-13-06-27-Messung_5_(J)_4201.csv","Supine"
"2021-05-07-13-06-27-Messung_5_(J)_4202.csv","Supine"
"2021-05-07-13-06-27-Messung_5_(J)_4203.csv","Supine"
"2021-05-07-13-06-27-Messung_5_(J)_4204.csv","Supine"
"2021-05-07-13-06-27-Messung_5_(J)_4205.csv","Supine"
"2021-05-07-13-06-27-Messung_5_(J)_4206.csv","Supine"
"2021-05-07-13-06-27-Messung_5_(J)_4207.csv","Supine"
"2021-05-07-13-06-27-Messung_5_(J)_4208.csv","Supine"
"2021-05-07-13-06-27-Messung_5_(J)_4209.csv","Supine"
"2021-05-07-13-06-28-Messung_5_(J)_4210.csv","Supine"
"2021-05-07-13-06-28-Messung_5_(J)_4211.csv","Supine"
"2021-05-07-13-06-28-Messung_5_(J)_4212.csv","Supine"
"2021-05-07-13-06-28-Messung_5_(J)_4213.csv","Supine"
"2021-05-07-13-06-28-Messung_5_(J)_4214.csv","Supine"
"2021-05-07-13-06-28-Messung_5_(J)_4215.csv","Supine"
"2021-05-07-13-06-28-Messung_5_(J)_4216.csv","Supine"
"2021-05-07-13-06-28-Messung_5_(J)_4217.csv","Supine"
"2021-05-07-13-06-28-Messung_5_(J)_4218.csv","Supine"
"2021-05-07-13-06-28-Messung_5_(J)_4219.csv","Supine"
"2021-05-07-13-06-28-Messung_5_(J)_4220.csv","Supine"
"2021-05-07-13-06-28-Messung_5_(J)_4221.csv","Supine"
"2021-05-07-13-06-28-Messung_5_(J)_4222.csv","Supine"
"2021-05-07-13-06-28-Messung_5_(J)_4223.csv","Supine"
"2021-05-07-13-06-28-Messung_5_(J)_4224.csv","Supine"
"2021-05-07-13-06-28-Messung_5_(J)_4225.csv","Supine"
"2021-05-07-13-06-28-Messung_5_(J)_4226.csv","Supine"
"2021-05-07-13-06-28-Messung_5_(J)_4227.csv","Supine"
"2021-05-07-13-06-29-Messung_5_(J)_4228.csv","Supine"
"2021-05-07-13-06-29-Messung_5_(J)_4229.csv","Supine"
"2021-05-07-13-06-29-Messung_5_(J)_4230.csv","Supine"
"2021-05-07-13-06-29-Messung_5_(J)_4231.csv","Supine"
"2021-05-07-13-06-29-Messung_5_(J)_4232.csv","Supine"
"2021-05-07-13-06-29-Messung_5_(J)_4233.csv","Supine"
"2021-05-07-13-06-29-Messung_5_(J)_4234.csv","Supine"
"2021-05-07-13-06-29-Messung_5_(J)_4235.csv","Supine"
"2021-05-07-13-06-29-Messung_5_(J)_4236.csv","Supine"
"2021-05-07-13-06-29-Messung_5_(J)_4237.csv","Supine"
"2021-05-07-13-06-29-Messung_5_(J)_4238.csv","Supine"
"2021-05-07-13-06-29-Messung_5_(J)_4239.csv","Supine"
"2021-05-07-13-06-29-Messung_5_(J)_4240.csv","Supine"
"2021-05-07-13-06-29-Messung_5_(J)_4241.csv","Supine"
"2021-05-07-13-06-29-Messung_5_(J)_4242.csv","Supine"
"2021-05-07-13-06-29-Messung_5_(J)_4243.csv","Supine"
"2021-05-07-13-06-29-Messung_5_(J)_4244.csv","Supine"
"2021-05-07-13-06-30-Messung_5_(J)_4245.csv","Supine"
"2021-05-07-13-06-30-Messung_5_(J)_4246.csv","Supine"
"2021-05-07-13-06-30-Messung_5_(J)_4247.csv","Supine"
"2021-05-07-13-06-30-Messung_5_(J)_4248.csv","Supine"
"2021-05-07-13-06-30-Messung_5_(J)_4249.csv","Supine"
"2021-05-07-13-06-30-Messung_5_(J)_4250.csv","Supine"
"2021-05-07-13-06-30-Messung_5_(J)_4251.csv","Supine"
"2021-05-07-13-06-30-Messung_5_(J)_4252.csv","Supine"
"2021-05-07-13-06-30-Messung_5_(J)_4253.csv","Supine"
"2021-05-07-13-06-30-Messung_5_(J)_4254.csv","Supine"
"2021-05-07-13-06-30-Messung_5_(J)_4255.csv","Supine"
"2021-05-07-13-06-30-Messung_5_(J)_4256.csv","Supine"
"2021-05-07-13-06-30-Messung_5_(J)_4257.csv","Supine"
"2021-05-07-13-06-30-Messung_5_(J)_4258.csv","Supine"
"2021-05-07-13-06-30-Messung_5_(J)_4259.csv","Supine"
"2021-05-07-13-06-30-Messung_5_(J)_4260.csv","Supine"
"2021-05-07-13-06-30-Messung_5_(J)_4261.csv","Supine"
"2021-05-07-13-06-30-Messung_5_(J)_4262.csv","Supine"
"2021-05-07-13-06-31-Messung_5_(J)_4263.csv","Supine"
"2021-05-07-13-06-31-Messung_5_(J)_4264.csv","Supine"
"2021-05-07-13-06-31-Messung_5_(J)_4265.csv","Supine"
"2021-05-07-13-06-31-Messung_5_(J)_4266.csv","Supine"
"2021-05-07-13-06-31-Messung_5_(J)_4267.csv","Supine"
"2021-05-07-13-06-31-Messung_5_(J)_4268.csv","Supine"
"2021-05-07-13-06-31-Messung_5_(J)_4269.csv","Supine"
"2021-05-07-13-06-31-Messung_5_(J)_4270.csv","Supine"
"2021-05-07-13-06-31-Messung_5_(J)_4271.csv","Supine"
"2021-05-07-13-06-31-Messung_5_(J)_4272.csv","Supine"
"2021-05-07-13-06-31-Messung_5_(J)_4273.csv","Supine"
"2021-05-07-13-06-31-Messung_5_(J)_4274.csv","Supine"
"2021-05-07-13-06-31-Messung_5_(J)_4275.csv","Supine"
"2021-05-07-13-06-31-Messung_5_(J)_4276.csv","Supine"
"2021-05-07-13-06-31-Messung_5_(J)_4277.csv","Supine"
"2021-05-07-13-06-31-Messung_5_(J)_4278.csv","Supine"
"2021-05-07-13-06-31-Messung_5_(J)_4279.csv","Supine"
"2021-05-07-13-06-31-Messung_5_(J)_4280.csv","Supine"
"2021-05-07-13-06-32-Messung_5_(J)_4281.csv","Supine"
"2021-05-07-13-06-32-Messung_5_(J)_4282.csv","Supine"
"2021-05-07-13-06-32-Messung_5_(J)_4283.csv","Supine"
"2021-05-07-13-06-32-Messung_5_(J)_4284.csv","Supine"
"2021-05-07-13-06-32-Messung_5_(J)_4285.csv","Supine"
"2021-05-07-13-06-32-Messung_5_(J)_4286.csv","Supine"
"2021-05-07-13-06-32-Messung_5_(J)_4287.csv","Supine"
"2021-05-07-13-06-32-Messung_5_(J)_4288.csv","Supine"
"2021-05-07-13-06-32-Messung_5_(J)_4289.csv","Supine"
"2021-05-07-13-06-32-Messung_5_(J)_4290.csv","Supine"
"2021-05-07-13-06-32-Messung_5_(J)_4291.csv","Supine"
"2021-05-07-13-06-32-Messung_5_(J)_4292.csv","Supine"
"2021-05-07-13-06-32-Messung_5_(J)_4293.csv","Supine"
"2021-05-07-13-06-32-Messung_5_(J)_4294.csv","Supine"
"2021-05-07-13-06-32-Messung_5_(J)_4295.csv","Supine"
"2021-05-07-13-06-32-Messung_5_(J)_4296.csv","Supine"
"2021-05-07-13-06-32-Messung_5_(J)_4297.csv","Supine"
"2021-05-07-13-06-33-Messung_5_(J)_4298.csv","Supine"
"2021-05-07-13-06-33-Messung_5_(J)_4299.csv","Supine"
"2021-05-07-13-06-33-Messung_5_(J)_4300.csv","Supine"
"2021-05-07-13-06-33-Messung_5_(J)_4301.csv","Supine"
"2021-05-07-13-06-33-Messung_5_(J)_4302.csv","Supine"
"2021-05-07-13-06-33-Messung_5_(J)_4303.csv","Supine"
"2021-05-07-13-06-33-Messung_5_(J)_4304.csv","Supine"
"2021-05-07-13-06-33-Messung_5_(J)_4305.csv","Supine"
"2021-05-07-13-06-33-Messung_5_(J)_4306.csv","Supine"
"2021-05-07-13-06-33-Messung_5_(J)_4307.csv","Supine"
"2021-05-07-13-06-33-Messung_5_(J)_4308.csv","Supine"
"2021-05-07-13-06-33-Messung_5_(J)_4309.csv","Supine"
"2021-05-07-13-06-33-Messung_5_(J)_4310.csv","Supine"
"2021-05-07-13-06-33-Messung_5_(J)_4311.csv","Supine"
"2021-05-07-13-06-33-Messung_5_(J)_4312.csv","Supine"
"2021-05-07-13-06-33-Messung_5_(J)_4313.csv","Supine"
"2021-05-07-13-06-33-Messung_5_(J)_4314.csv","Supine"
"2021-05-07-13-06-33-Messung_5_(J)_4315.csv","Supine"
"2021-05-07-13-06-34-Messung_5_(J)_4316.csv","Supine"
"2021-05-07-13-06-34-Messung_5_(J)_4317.csv","Supine"
"2021-05-07-13-06-34-Messung_5_(J)_4318.csv","Supine"
"2021-05-07-13-06-34-Messung_5_(J)_4319.csv","Supine"
"2021-05-07-13-06-34-Messung_5_(J)_4320.csv","Supine"
"2021-05-07-13-06-34-Messung_5_(J)_4321.csv","Supine"
"2021-05-07-13-06-34-Messung_5_(J)_4322.csv","Supine"
"2021-05-07-13-06-34-Messung_5_(J)_4323.csv","Supine"
"2021-05-07-13-06-34-Messung_5_(J)_4324.csv","Supine"
"2021-05-07-13-06-34-Messung_5_(J)_4325.csv","Supine"
"2021-05-07-13-06-34-Messung_5_(J)_4326.csv","Supine"
"2021-05-07-13-06-34-Messung_5_(J)_4327.csv","Supine"
"2021-05-07-13-06-34-Messung_5_(J)_4328.csv","Supine"
"2021-05-07-13-06-34-Messung_5_(J)_4329.csv","Supine"
"2021-05-07-13-06-34-Messung_5_(J)_4330.csv","Supine"
"2021-05-07-13-06-34-Messung_5_(J)_4331.csv","Supine"
"2021-05-07-13-06-34-Messung_5_(J)_4332.csv","Supine"
"2021-05-07-13-06-34-Messung_5_(J)_4333.csv","Supine"
"2021-05-07-13-06-35-Messung_5_(J)_4334.csv","Supine"
"2021-05-07-13-06-35-Messung_5_(J)_4335.csv","Supine"
"2021-05-07-13-06-35-Messung_5_(J)_4336.csv","Supine"
"2021-05-07-13-06-35-Messung_5_(J)_4337.csv","Supine"
"2021-05-07-13-06-35-Messung_5_(J)_4338.csv","Supine"
"2021-05-07-13-06-35-Messung_5_(J)_4339.csv","Supine"
"2021-05-07-13-06-35-Messung_5_(J)_4340.csv","Supine"
"2021-05-07-13-06-35-Messung_5_(J)_4341.csv","Supine"
"2021-05-07-13-06-35-Messung_5_(J)_4342.csv","Supine"
"2021-05-07-13-06-35-Messung_5_(J)_4343.csv","Supine"
"2021-05-07-13-06-35-Messung_5_(J)_4344.csv","Supine"
"2021-05-07-13-06-35-Messung_5_(J)_4345.csv","Supine"
"2021-05-07-13-06-35-Messung_5_(J)_4346.csv","Supine"
"2021-05-07-13-06-35-Messung_5_(J)_4347.csv","Supine"
"2021-05-07-13-06-35-Messung_5_(J)_4348.csv","Supine"
"2021-05-07-13-06-35-Messung_5_(J)_4349.csv","Supine"
"2021-05-07-13-06-35-Messung_5_(J)_4350.csv","Supine"
"2021-05-07-13-06-36-Messung_5_(J)_4351.csv","Supine"
"2021-05-07-13-06-36-Messung_5_(J)_4352.csv","Supine"
"2021-05-07-13-06-36-Messung_5_(J)_4353.csv","Supine"
"2021-05-07-13-06-36-Messung_5_(J)_4354.csv","Supine"
"2021-05-07-13-06-36-Messung_5_(J)_4355.csv","Supine"
"2021-05-07-13-06-36-Messung_5_(J)_4356.csv","Supine"
"2021-05-07-13-06-36-Messung_5_(J)_4357.csv","Supine"
"2021-05-07-13-06-36-Messung_5_(J)_4358.csv","Supine"
"2021-05-07-13-06-36-Messung_5_(J)_4359.csv","Supine"
"2021-05-07-13-06-36-Messung_5_(J)_4360.csv","Supine"
"2021-05-07-13-06-36-Messung_5_(J)_4361.csv","Supine"
"2021-05-07-13-06-36-Messung_5_(J)_4362.csv","Supine"
"2021-05-07-13-06-36-Messung_5_(J)_4363.csv","Supine"
"2021-05-07-13-06-36-Messung_5_(J)_4364.csv","Supine"
"2021-05-07-13-06-36-Messung_5_(J)_4365.csv","Supine"
"2021-05-07-13-06-36-Messung_5_(J)_4366.csv","Supine"
"2021-05-07-13-06-36-Messung_5_(J)_4367.csv","Supine"
"2021-05-07-13-06-36-Messung_5_(J)_4368.csv","Supine"
"2021-05-07-13-06-37-Messung_5_(J)_4369.csv","Supine"
"2021-05-07-13-06-37-Messung_5_(J)_4370.csv","Supine"
"2021-05-07-13-06-37-Messung_5_(J)_4371.csv","Supine"
"2021-05-07-13-06-37-Messung_5_(J)_4372.csv","Supine"
"2021-05-07-13-06-37-Messung_5_(J)_4373.csv","Supine"
"2021-05-07-13-06-37-Messung_5_(J)_4374.csv","Supine"
"2021-05-07-13-06-37-Messung_5_(J)_4375.csv","Supine"
"2021-05-07-13-06-37-Messung_5_(J)_4376.csv","Supine"
"2021-05-07-13-06-37-Messung_5_(J)_4377.csv","Supine"
"2021-05-07-13-06-37-Messung_5_(J)_4378.csv","Supine"
"2021-05-07-13-06-37-Messung_5_(J)_4379.csv","Supine"
"2021-05-07-13-06-37-Messung_5_(J)_4380.csv","Supine"
"2021-05-07-13-06-37-Messung_5_(J)_4381.csv","Supine"
"2021-05-07-13-06-37-Messung_5_(J)_4382.csv","Supine"
"2021-05-07-13-06-37-Messung_5_(J)_4383.csv","Supine"
"2021-05-07-13-06-37-Messung_5_(J)_4384.csv","Supine"
"2021-05-07-13-06-37-Messung_5_(J)_4385.csv","Supine"
"2021-05-07-13-06-37-Messung_5_(J)_4386.csv","Supine"
"2021-05-07-13-06-38-Messung_5_(J)_4387.csv","Supine"
"2021-05-07-13-06-38-Messung_5_(J)_4388.csv","Supine"
"2021-05-07-13-06-38-Messung_5_(J)_4389.csv","Supine"
"2021-05-07-13-06-38-Messung_5_(J)_4390.csv","Supine"
"2021-05-07-13-06-38-Messung_5_(J)_4391.csv","Supine"
"2021-05-07-13-06-38-Messung_5_(J)_4392.csv","Supine"
"2021-05-07-13-06-38-Messung_5_(J)_4393.csv","Supine"
"2021-05-07-13-06-38-Messung_5_(J)_4394.csv","Supine"
"2021-05-07-13-06-38-Messung_5_(J)_4395.csv","Supine"
"2021-05-07-13-06-38-Messung_5_(J)_4396.csv","Supine"
"2021-05-07-13-06-38-Messung_5_(J)_4397.csv","Supine"
"2021-05-07-13-06-38-Messung_5_(J)_4398.csv","Supine"
"2021-05-07-13-06-38-Messung_5_(J)_4399.csv","Supine"
"2021-05-07-13-06-38-Messung_5_(J)_4400.csv","Supine"
"2021-05-07-13-06-38-Messung_5_(J)_4401.csv","Supine"
"2021-05-07-13-06-38-Messung_5_(J)_4402.csv","Supine"
"2021-05-07-13-06-38-Messung_5_(J)_4403.csv","Supine"
"2021-05-07-13-06-39-Messung_5_(J)_4404.csv","Supine"
"2021-05-07-13-06-39-Messung_5_(J)_4405.csv","Supine"
"2021-05-07-13-06-39-Messung_5_(J)_4406.csv","Supine"
"2021-05-07-13-06-39-Messung_5_(J)_4407.csv","Supine"
"2021-05-07-13-06-39-Messung_5_(J)_4408.csv","Supine"
"2021-05-07-13-06-39-Messung_5_(J)_4409.csv","Supine"
"2021-05-07-13-06-39-Messung_5_(J)_4410.csv","Supine"
"2021-05-07-13-06-39-Messung_5_(J)_4411.csv","Supine"
"2021-05-07-13-06-39-Messung_5_(J)_4412.csv","Supine"
"2021-05-07-13-06-39-Messung_5_(J)_4413.csv","Supine"
"2021-05-07-13-06-39-Messung_5_(J)_4414.csv","Supine"
"2021-05-07-13-06-39-Messung_5_(J)_4415.csv","Supine"
"2021-05-07-13-06-39-Messung_5_(J)_4416.csv","Supine"
"2021-05-07-13-06-39-Messung_5_(J)_4417.csv","Supine"
"2021-05-07-13-06-39-Messung_5_(J)_4418.csv","Supine"
"2021-05-07-13-06-39-Messung_5_(J)_4419.csv","Supine"
"2021-05-07-13-06-39-Messung_5_(J)_4420.csv","Supine"
"2021-05-07-13-06-39-Messung_5_(J)_4421.csv","Supine"
"2021-05-07-13-06-40-Messung_5_(J)_4422.csv","Supine"
"2021-05-07-13-06-40-Messung_5_(J)_4423.csv","Supine"
"2021-05-07-13-06-40-Messung_5_(J)_4424.csv","Supine"
"2021-05-07-13-06-40-Messung_5_(J)_4425.csv","Supine"
"2021-05-07-13-06-40-Messung_5_(J)_4426.csv","Supine"
"2021-05-07-13-06-40-Messung_5_(J)_4427.csv","Supine"
"2021-05-07-13-06-40-Messung_5_(J)_4428.csv","Supine"
"2021-05-07-13-06-40-Messung_5_(J)_4429.csv","Supine"
"2021-05-07-13-06-40-Messung_5_(J)_4430.csv","Supine"
"2021-05-07-13-06-40-Messung_5_(J)_4431.csv","Supine"
"2021-05-07-13-06-40-Messung_5_(J)_4432.csv","Supine"
"2021-05-07-13-06-40-Messung_5_(J)_4433.csv","Supine"
"2021-05-07-13-06-40-Messung_5_(J)_4434.csv","Supine"
"2021-05-07-13-06-40-Messung_5_(J)_4435.csv","Supine"
"2021-05-07-13-06-40-Messung_5_(J)_4436.csv","Supine"
"2021-05-07-13-06-40-Messung_5_(J)_4437.csv","Supine"
"2021-05-07-13-06-40-Messung_5_(J)_4438.csv","Supine"
"2021-05-07-13-06-40-Messung_5_(J)_4439.csv","Supine"
"2021-05-07-13-06-41-Messung_5_(J)_4440.csv","Supine"
"2021-05-07-13-06-41-Messung_5_(J)_4441.csv","Supine"
"2021-05-07-13-06-41-Messung_5_(J)_4442.csv","Supine"
"2021-05-07-13-06-41-Messung_5_(J)_4443.csv","Supine"
"2021-05-07-13-06-41-Messung_5_(J)_4444.csv","Supine"
"2021-05-07-13-06-41-Messung_5_(J)_4445.csv","Supine"
"2021-05-07-13-06-41-Messung_5_(J)_4446.csv","Supine"
"2021-05-07-13-06-41-Messung_5_(J)_4447.csv","Supine"
"2021-05-07-13-06-41-Messung_5_(J)_4448.csv","Supine"
"2021-05-07-13-06-41-Messung_5_(J)_4449.csv","Supine"
"2021-05-07-13-06-41-Messung_5_(J)_4450.csv","Supine"
"2021-05-07-13-06-41-Messung_5_(J)_4451.csv","Supine"
"2021-05-07-13-06-41-Messung_5_(J)_4452.csv","Supine"
"2021-05-07-13-06-41-Messung_5_(J)_4453.csv","Supine"
"2021-05-07-13-06-41-Messung_5_(J)_4454.csv","Supine"
"2021-05-07-13-06-41-Messung_5_(J)_4455.csv","Supine"
"2021-05-07-13-06-41-Messung_5_(J)_4456.csv","Supine"
"2021-05-07-13-06-42-Messung_5_(J)_4457.csv","Supine"
"2021-05-07-13-06-42-Messung_5_(J)_4458.csv","Supine"
"2021-05-07-13-06-42-Messung_5_(J)_4459.csv","Supine"
"2021-05-07-13-06-42-Messung_5_(J)_4460.csv","Supine"
"2021-05-07-13-06-42-Messung_5_(J)_4461.csv","Supine"
"2021-05-07-13-06-42-Messung_5_(J)_4462.csv","Supine"
"2021-05-07-13-06-42-Messung_5_(J)_4463.csv","Supine"
"2021-05-07-13-06-42-Messung_5_(J)_4464.csv","Supine"
"2021-05-07-13-06-42-Messung_5_(J)_4465.csv","Supine"
"2021-05-07-13-06-42-Messung_5_(J)_4466.csv","Supine"
"2021-05-07-13-06-42-Messung_5_(J)_4467.csv","Supine"
"2021-05-07-13-06-42-Messung_5_(J)_4468.csv","Supine"
"2021-05-07-13-06-42-Messung_5_(J)_4469.csv","Supine"
"2021-05-07-13-06-42-Messung_5_(J)_4470.csv","Supine"
"2021-05-07-13-06-42-Messung_5_(J)_4471.csv","Supine"
"2021-05-07-13-06-42-Messung_5_(J)_4472.csv","Supine"
"2021-05-07-13-06-42-Messung_5_(J)_4473.csv","Supine"
"2021-05-07-13-06-42-Messung_5_(J)_4474.csv","Supine"
"2021-05-07-13-06-43-Messung_5_(J)_4475.csv","Supine"
"2021-05-07-13-06-43-Messung_5_(J)_4476.csv","Supine"
"2021-05-07-13-06-43-Messung_5_(J)_4477.csv","Supine"
"2021-05-07-13-06-43-Messung_5_(J)_4478.csv","Supine"
"2021-05-07-13-06-43-Messung_5_(J)_4479.csv","Supine"
"2021-05-07-13-06-43-Messung_5_(J)_4480.csv","Supine"
"2021-05-07-13-06-43-Messung_5_(J)_4481.csv","Supine"
"2021-05-07-13-06-43-Messung_5_(J)_4482.csv","Supine"
"2021-05-07-13-06-43-Messung_5_(J)_4483.csv","Supine"
"2021-05-07-13-06-43-Messung_5_(J)_4484.csv","Supine"
"2021-05-07-13-06-43-Messung_5_(J)_4485.csv","Supine"
"2021-05-07-13-06-43-Messung_5_(J)_4486.csv","Supine"
"2021-05-07-13-06-43-Messung_5_(J)_4487.csv","Supine"
"2021-05-07-13-06-43-Messung_5_(J)_4488.csv","Supine"
"2021-05-07-13-06-43-Messung_5_(J)_4489.csv","Supine"
"2021-05-07-13-06-43-Messung_5_(J)_4490.csv","Supine"
"2021-05-07-13-06-43-Messung_5_(J)_4491.csv","Supine"
"2021-05-07-13-06-43-Messung_5_(J)_4492.csv","Supine"
"2021-05-07-13-06-44-Messung_5_(J)_4493.csv","Supine"
"2021-05-07-13-06-44-Messung_5_(J)_4494.csv","Supine"
"2021-05-07-13-06-44-Messung_5_(J)_4495.csv","Supine"
"2021-05-07-13-06-44-Messung_5_(J)_4496.csv","Supine"
"2021-05-07-13-06-44-Messung_5_(J)_4497.csv","Supine"
"2021-05-07-13-06-44-Messung_5_(J)_4498.csv","Supine"
"2021-05-07-13-06-44-Messung_5_(J)_4499.csv","Supine"
"2021-05-07-13-06-44-Messung_5_(J)_4500.csv","Supine"
"2021-05-07-13-06-44-Messung_5_(J)_4501.csv","Supine"
"2021-05-07-13-06-44-Messung_5_(J)_4502.csv","Supine"
"2021-05-07-13-06-44-Messung_5_(J)_4503.csv","Supine"
"2021-05-07-13-06-44-Messung_5_(J)_4504.csv","Supine"
"2021-05-07-13-06-44-Messung_5_(J)_4505.csv","Supine"
"2021-05-07-13-06-44-Messung_5_(J)_4506.csv","Supine"
"2021-05-07-13-06-44-Messung_5_(J)_4507.csv","Supine"
"2021-05-07-13-06-44-Messung_5_(J)_4508.csv","Supine"
"2021-05-07-13-06-44-Messung_5_(J)_4509.csv","Supine"
"2021-05-07-13-06-45-Messung_5_(J)_4510.csv","Supine"
"2021-05-07-13-06-45-Messung_5_(J)_4511.csv","Supine"
"2021-05-07-13-06-45-Messung_5_(J)_4512.csv","Supine"
"2021-05-07-13-06-45-Messung_5_(J)_4513.csv","Supine"
"2021-05-07-13-06-45-Messung_5_(J)_4514.csv","Supine"
"2021-05-07-13-06-45-Messung_5_(J)_4515.csv","Supine"
"2021-05-07-13-06-45-Messung_5_(J)_4516.csv","Supine"
"2021-05-07-13-06-45-Messung_5_(J)_4517.csv","Supine"
"2021-05-07-13-06-45-Messung_5_(J)_4518.csv","Supine"
"2021-05-07-13-06-45-Messung_5_(J)_4519.csv","Supine"
"2021-05-07-13-06-45-Messung_5_(J)_4520.csv","Supine"
"2021-05-07-13-06-45-Messung_5_(J)_4521.csv","Supine"
"2021-05-07-13-06-45-Messung_5_(J)_4522.csv","Supine"
"2021-05-07-13-06-45-Messung_5_(J)_4523.csv","Supine"
"2021-05-07-13-06-45-Messung_5_(J)_4524.csv","Supine"
"2021-05-07-13-06-45-Messung_5_(J)_4525.csv","Supine"
"2021-05-07-13-06-45-Messung_5_(J)_4526.csv","Supine"
"2021-05-07-13-06-45-Messung_5_(J)_4527.csv","Supine"
"2021-05-07-13-06-46-Messung_5_(J)_4528.csv","Supine"
"2021-05-07-13-06-46-Messung_5_(J)_4529.csv","Supine"
"2021-05-07-13-06-46-Messung_5_(J)_4530.csv","Supine"
"2021-05-07-13-06-46-Messung_5_(J)_4531.csv","Supine"
"2021-05-07-13-06-46-Messung_5_(J)_4532.csv","Supine"
"2021-05-07-13-06-46-Messung_5_(J)_4533.csv","Supine"
"2021-05-07-13-06-46-Messung_5_(J)_4534.csv","Supine"
"2021-05-07-13-06-46-Messung_5_(J)_4535.csv","Supine"
"2021-05-07-13-06-46-Messung_5_(J)_4536.csv","Supine"
"2021-05-07-13-06-46-Messung_5_(J)_4537.csv","Supine"
"2021-05-07-13-06-46-Messung_5_(J)_4538.csv","Supine"
"2021-05-07-13-06-46-Messung_5_(J)_4539.csv","Supine"
"2021-05-07-13-06-46-Messung_5_(J)_4540.csv","Supine"
"2021-05-07-13-06-46-Messung_5_(J)_4541.csv","Supine"
"2021-05-07-13-06-46-Messung_5_(J)_4542.csv","Supine"
"2021-05-07-13-06-46-Messung_5_(J)_4543.csv","Supine"
"2021-05-07-13-06-46-Messung_5_(J)_4544.csv","Supine"
"2021-05-07-13-06-46-Messung_5_(J)_4545.csv","Supine"
"2021-05-07-13-06-47-Messung_5_(J)_4546.csv","Supine"
"2021-05-07-13-06-47-Messung_5_(J)_4547.csv","Supine"
"2021-05-07-13-06-47-Messung_5_(J)_4548.csv","Supine"
"2021-05-07-13-06-47-Messung_5_(J)_4549.csv","Supine"
"2021-05-07-13-06-47-Messung_5_(J)_4550.csv","Supine"
"2021-05-07-13-06-47-Messung_5_(J)_4551.csv","Supine"
"2021-05-07-13-06-47-Messung_5_(J)_4552.csv","Supine"
"2021-05-07-13-06-47-Messung_5_(J)_4553.csv","Supine"
"2021-05-07-13-06-47-Messung_5_(J)_4554.csv","Supine"
"2021-05-07-13-06-47-Messung_5_(J)_4555.csv","Supine"
"2021-05-07-13-06-47-Messung_5_(J)_4556.csv","Supine"
"2021-05-07-13-06-47-Messung_5_(J)_4557.csv","Supine"
"2021-05-07-13-06-47-Messung_5_(J)_4558.csv","Supine"
"2021-05-07-13-06-47-Messung_5_(J)_4559.csv","Supine"
"2021-05-07-13-06-47-Messung_5_(J)_4560.csv","Supine"
"2021-05-07-13-06-47-Messung_5_(J)_4561.csv","Supine"
"2021-05-07-13-06-47-Messung_5_(J)_4562.csv","Supine"
"2021-05-07-13-06-48-Messung_5_(J)_4563.csv","Supine"
"2021-05-07-13-06-48-Messung_5_(J)_4564.csv","Supine"
"2021-05-07-13-06-48-Messung_5_(J)_4565.csv","Supine"
"2021-05-07-13-06-48-Messung_5_(J)_4566.csv","Supine"
"2021-05-07-13-06-48-Messung_5_(J)_4567.csv","Supine"
"2021-05-07-13-06-48-Messung_5_(J)_4568.csv","Supine"
"2021-05-07-13-06-48-Messung_5_(J)_4569.csv","Supine"
"2021-05-07-13-06-48-Messung_5_(J)_4570.csv","Supine"
"2021-05-07-13-06-48-Messung_5_(J)_4571.csv","Supine"
"2021-05-07-13-06-48-Messung_5_(J)_4572.csv","Supine"
"2021-05-07-13-06-48-Messung_5_(J)_4573.csv","Supine"
"2021-05-07-13-06-48-Messung_5_(J)_4574.csv","Supine"
"2021-05-07-13-06-48-Messung_5_(J)_4575.csv","Supine"
"2021-05-07-13-06-48-Messung_5_(J)_4576.csv","Supine"
"2021-05-07-13-06-48-Messung_5_(J)_4577.csv","Supine"
"2021-05-07-13-06-48-Messung_5_(J)_4578.csv","Supine"
"2021-05-07-13-06-48-Messung_5_(J)_4579.csv","Supine"
"2021-05-07-13-06-48-Messung_5_(J)_4580.csv","Supine"
"2021-05-07-13-06-49-Messung_5_(J)_4581.csv","Supine"
"2021-05-07-13-06-49-Messung_5_(J)_4582.csv","Supine"
"2021-05-07-13-06-49-Messung_5_(J)_4583.csv","Supine"
"2021-05-07-13-06-49-Messung_5_(J)_4584.csv","Supine"
"2021-05-07-13-06-49-Messung_5_(J)_4585.csv","Supine"
"2021-05-07-13-06-49-Messung_5_(J)_4586.csv","Supine"
"2021-05-07-13-06-49-Messung_5_(J)_4587.csv","Supine"
"2021-05-07-13-06-49-Messung_5_(J)_4588.csv","Supine"
"2021-05-07-13-06-49-Messung_5_(J)_4589.csv","Supine"
"2021-05-07-13-06-49-Messung_5_(J)_4590.csv","Supine"
"2021-05-07-13-06-49-Messung_5_(J)_4591.csv","Supine"
"2021-05-07-13-06-49-Messung_5_(J)_4592.csv","Supine"
"2021-05-07-13-06-49-Messung_5_(J)_4593.csv","Supine"
"2021-05-07-13-06-49-Messung_5_(J)_4594.csv","Supine"
"2021-05-07-13-06-49-Messung_5_(J)_4595.csv","Supine"
"2021-05-07-13-06-49-Messung_5_(J)_4596.csv","Supine"
"2021-05-07-13-06-49-Messung_5_(J)_4597.csv","Supine"
"2021-05-07-13-06-49-Messung_5_(J)_4598.csv","Supine"
"2021-05-07-13-06-50-Messung_5_(J)_4599.csv","Supine"
"2021-05-07-13-06-50-Messung_5_(J)_4600.csv","Supine"
"2021-05-07-13-06-50-Messung_5_(J)_4601.csv","Supine"
"2021-05-07-13-06-50-Messung_5_(J)_4602.csv","Supine"
"2021-05-07-13-06-50-Messung_5_(J)_4603.csv","Supine"
"2021-05-07-13-06-50-Messung_5_(J)_4604.csv","Supine"
"2021-05-07-13-06-50-Messung_5_(J)_4605.csv","Supine"
"2021-05-07-13-06-50-Messung_5_(J)_4606.csv","Supine"
"2021-05-07-13-06-50-Messung_5_(J)_4607.csv","Supine"
"2021-05-07-13-06-50-Messung_5_(J)_4608.csv","Supine"
"2021-05-07-13-06-50-Messung_5_(J)_4609.csv","Supine"
"2021-05-07-13-06-50-Messung_5_(J)_4610.csv","Supine"
"2021-05-07-13-06-50-Messung_5_(J)_4611.csv","Supine"
"2021-05-07-13-06-50-Messung_5_(J)_4612.csv","Supine"
"2021-05-07-13-06-50-Messung_5_(J)_4613.csv","Supine"
"2021-05-07-13-06-50-Messung_5_(J)_4614.csv","Supine"
"2021-05-07-13-06-50-Messung_5_(J)_4615.csv","Supine"
"2021-05-07-13-06-51-Messung_5_(J)_4616.csv","Supine"
"2021-05-07-13-06-51-Messung_5_(J)_4617.csv","Supine"
"2021-05-07-13-06-51-Messung_5_(J)_4618.csv","Supine"
"2021-05-07-13-06-51-Messung_5_(J)_4619.csv","Supine"
"2021-05-07-13-06-51-Messung_5_(J)_4620.csv","Supine"
"2021-05-07-13-06-51-Messung_5_(J)_4621.csv","Supine"
"2021-05-07-13-06-51-Messung_5_(J)_4622.csv","Supine"
"2021-05-07-13-06-51-Messung_5_(J)_4623.csv","Supine"
"2021-05-07-13-06-51-Messung_5_(J)_4624.csv","Supine"
"2021-05-07-13-06-51-Messung_5_(J)_4625.csv","Supine"
"2021-05-07-13-06-51-Messung_5_(J)_4626.csv","Supine"
"2021-05-07-13-06-51-Messung_5_(J)_4627.csv","Supine"
"2021-05-07-13-06-51-Messung_5_(J)_4628.csv","Supine"
"2021-05-07-13-06-51-Messung_5_(J)_4629.csv","Supine"
"2021-05-07-13-06-51-Messung_5_(J)_4630.csv","Supine"
"2021-05-07-13-06-51-Messung_5_(J)_4631.csv","Supine"
"2021-05-07-13-06-51-Messung_5_(J)_4632.csv","Supine"
"2021-05-07-13-06-51-Messung_5_(J)_4633.csv","Supine"
"2021-05-07-13-06-52-Messung_5_(J)_4634.csv","Supine"
"2021-05-07-13-06-52-Messung_5_(J)_4635.csv","Supine"
"2021-05-07-13-06-52-Messung_5_(J)_4636.csv","Supine"
"2021-05-07-13-06-52-Messung_5_(J)_4637.csv","Supine"
"2021-05-07-13-06-52-Messung_5_(J)_4638.csv","Supine"
"2021-05-07-13-06-52-Messung_5_(J)_4639.csv","Supine"
"2021-05-07-13-06-52-Messung_5_(J)_4640.csv","Supine"
"2021-05-07-13-06-52-Messung_5_(J)_4641.csv","Supine"
"2021-05-07-13-06-52-Messung_5_(J)_4642.csv","Supine"
"2021-05-07-13-06-52-Messung_5_(J)_4643.csv","Supine"
"2021-05-07-13-06-52-Messung_5_(J)_4644.csv","Supine"
"2021-05-07-13-06-52-Messung_5_(J)_4645.csv","Supine"
"2021-05-07-13-06-52-Messung_5_(J)_4646.csv","Supine"
"2021-05-07-13-06-52-Messung_5_(J)_4647.csv","Supine"
"2021-05-07-13-06-52-Messung_5_(J)_4648.csv","Supine"
"2021-05-07-13-06-52-Messung_5_(J)_4649.csv","Supine"
"2021-05-07-13-06-52-Messung_5_(J)_4650.csv","Supine"
"2021-05-07-13-06-52-Messung_5_(J)_4651.csv","Supine"
"2021-05-07-13-06-53-Messung_5_(J)_4652.csv","Supine"
"2021-05-07-13-06-53-Messung_5_(J)_4653.csv","Supine"
"2021-05-07-13-06-53-Messung_5_(J)_4654.csv","Supine"
"2021-05-07-13-06-53-Messung_5_(J)_4655.csv","Supine"
"2021-05-07-13-06-53-Messung_5_(J)_4656.csv","Supine"
"2021-05-07-13-06-53-Messung_5_(J)_4657.csv","Supine"
"2021-05-07-13-06-53-Messung_5_(J)_4658.csv","Supine"
"2021-05-07-13-06-53-Messung_5_(J)_4659.csv","Supine"
"2021-05-07-13-06-53-Messung_5_(J)_4660.csv","Supine"
"2021-05-07-13-06-53-Messung_5_(J)_4661.csv","Supine"
"2021-05-07-13-06-53-Messung_5_(J)_4662.csv","Supine"
"2021-05-07-13-06-53-Messung_5_(J)_4663.csv","Supine"
"2021-05-07-13-06-53-Messung_5_(J)_4664.csv","Supine"
"2021-05-07-13-06-53-Messung_5_(J)_4665.csv","Supine"
"2021-05-07-13-06-53-Messung_5_(J)_4666.csv","Supine"
"2021-05-07-13-06-53-Messung_5_(J)_4667.csv","Supine"
"2021-05-07-13-06-53-Messung_5_(J)_4668.csv","Supine"
"2021-05-07-13-06-54-Messung_5_(J)_4669.csv","Supine"
"2021-05-07-13-06-54-Messung_5_(J)_4670.csv","Supine"
"2021-05-07-13-06-54-Messung_5_(J)_4671.csv","Supine"
"2021-05-07-13-06-54-Messung_5_(J)_4672.csv","Supine"
"2021-05-07-13-06-54-Messung_5_(J)_4673.csv","Supine"
"2021-05-07-13-06-54-Messung_5_(J)_4674.csv","Supine"
"2021-05-07-13-06-54-Messung_5_(J)_4675.csv","Supine"
"2021-05-07-13-06-54-Messung_5_(J)_4676.csv","Supine"
"2021-05-07-13-06-54-Messung_5_(J)_4677.csv","Supine"
"2021-05-07-13-06-54-Messung_5_(J)_4678.csv","Supine"
"2021-05-07-13-06-54-Messung_5_(J)_4679.csv","Supine"
"2021-05-07-13-06-54-Messung_5_(J)_4680.csv","Supine"
"2021-05-07-13-06-54-Messung_5_(J)_4681.csv","Supine"
"2021-05-07-13-06-54-Messung_5_(J)_4682.csv","Supine"
"2021-05-07-13-06-54-Messung_5_(J)_4683.csv","Supine"
"2021-05-07-13-06-54-Messung_5_(J)_4684.csv","Supine"
"2021-05-07-13-06-54-Messung_5_(J)_4685.csv","Supine"
"2021-05-07-13-06-54-Messung_5_(J)_4686.csv","Supine"
"2021-05-07-13-06-55-Messung_5_(J)_4687.csv","Supine"
"2021-05-07-13-06-55-Messung_5_(J)_4688.csv","Supine"
"2021-05-07-13-06-55-Messung_5_(J)_4689.csv","Supine"
"2021-05-07-13-06-55-Messung_5_(J)_4690.csv","Supine"
"2021-05-07-13-06-55-Messung_5_(J)_4691.csv","Supine"
"2021-05-07-13-06-55-Messung_5_(J)_4692.csv","Supine"
"2021-05-07-13-06-55-Messung_5_(J)_4693.csv","Supine"
"2021-05-07-13-06-55-Messung_5_(J)_4694.csv","Supine"
"2021-05-07-13-06-55-Messung_5_(J)_4695.csv","Supine"
"2021-05-07-13-06-55-Messung_5_(J)_4696.csv","Supine"
"2021-05-07-13-06-55-Messung_5_(J)_4697.csv","Supine"
"2021-05-07-13-06-55-Messung_5_(J)_4698.csv","Supine"
"2021-05-07-13-06-55-Messung_5_(J)_4699.csv","Supine"
"2021-05-07-13-06-55-Messung_5_(J)_4700.csv","Supine"
"2021-05-07-13-06-55-Messung_5_(J)_4701.csv","Supine"
"2021-05-07-13-06-55-Messung_5_(J)_4702.csv","Supine"
"2021-05-07-13-06-55-Messung_5_(J)_4703.csv","Supine"
"2021-05-07-13-06-55-Messung_5_(J)_4704.csv","Supine"
"2021-05-07-13-06-56-Messung_5_(J)_4705.csv","Supine"
"2021-05-07-13-06-56-Messung_5_(J)_4706.csv","Supine"
"2021-05-07-13-06-56-Messung_5_(J)_4707.csv","Supine"
"2021-05-07-13-06-56-Messung_5_(J)_4708.csv","Supine"
"2021-05-07-13-06-56-Messung_5_(J)_4709.csv","Supine"
"2021-05-07-13-06-56-Messung_5_(J)_4710.csv","Supine"
"2021-05-07-13-06-56-Messung_5_(J)_4711.csv","Supine"
"2021-05-07-13-06-56-Messung_5_(J)_4712.csv","Supine"
"2021-05-07-13-06-56-Messung_5_(J)_4713.csv","Supine"
"2021-05-07-13-06-56-Messung_5_(J)_4714.csv","Supine"
"2021-05-07-13-06-56-Messung_5_(J)_4715.csv","Supine"
"2021-05-07-13-06-56-Messung_5_(J)_4716.csv","Supine"
"2021-05-07-13-06-56-Messung_5_(J)_4717.csv","Supine"
"2021-05-07-13-06-56-Messung_5_(J)_4718.csv","Supine"
"2021-05-07-13-06-56-Messung_5_(J)_4719.csv","Supine"
"2021-05-07-13-06-56-Messung_5_(J)_4720.csv","Supine"
"2021-05-07-13-06-56-Messung_5_(J)_4721.csv","Supine"
"2021-05-07-13-06-57-Messung_5_(J)_4722.csv","Supine"
"2021-05-07-13-06-57-Messung_5_(J)_4723.csv","Supine"
"2021-05-07-13-06-57-Messung_5_(J)_4724.csv","Supine"
"2021-05-07-13-06-57-Messung_5_(J)_4725.csv","Supine"
"2021-05-07-13-06-57-Messung_5_(J)_4726.csv","Supine"
"2021-05-07-13-06-57-Messung_5_(J)_4727.csv","Supine"
"2021-05-07-13-06-57-Messung_5_(J)_4728.csv","Supine"
"2021-05-07-13-06-57-Messung_5_(J)_4729.csv","Supine"
"2021-05-07-13-06-57-Messung_5_(J)_4730.csv","Supine"
"2021-05-07-13-06-57-Messung_5_(J)_4731.csv","Supine"
"2021-05-07-13-06-57-Messung_5_(J)_4732.csv","Supine"
"2021-05-07-13-06-57-Messung_5_(J)_4733.csv","Supine"
"2021-05-07-13-06-57-Messung_5_(J)_4734.csv","Supine"
"2021-05-07-13-06-57-Messung_5_(J)_4735.csv","Supine"
"2021-05-07-13-06-57-Messung_5_(J)_4736.csv","Supine"
"2021-05-07-13-06-57-Messung_5_(J)_4737.csv","Supine"
"2021-05-07-13-06-57-Messung_5_(J)_4738.csv","Supine"
"2021-05-07-13-06-57-Messung_5_(J)_4739.csv","Supine"
"2021-05-07-13-06-58-Messung_5_(J)_4740.csv","Supine"
"2021-05-07-13-06-58-Messung_5_(J)_4741.csv","Supine"
"2021-05-07-13-06-58-Messung_5_(J)_4742.csv","Supine"
"2021-05-07-13-06-58-Messung_5_(J)_4743.csv","Supine"
"2021-05-07-13-06-58-Messung_5_(J)_4744.csv","Supine"
"2021-05-07-13-06-58-Messung_5_(J)_4745.csv","Supine"
"2021-05-07-13-06-58-Messung_5_(J)_4746.csv","Supine"
"2021-05-07-13-06-58-Messung_5_(J)_4747.csv","Supine"
"2021-05-07-13-06-58-Messung_5_(J)_4748.csv","Supine"
"2021-05-07-13-06-58-Messung_5_(J)_4749.csv","Supine"
"2021-05-07-13-06-58-Messung_5_(J)_4750.csv","Supine"
"2021-05-07-13-06-58-Messung_5_(J)_4751.csv","Supine"
"2021-05-07-13-06-58-Messung_5_(J)_4752.csv","Supine"
"2021-05-07-13-06-58-Messung_5_(J)_4753.csv","Supine"
"2021-05-07-13-06-58-Messung_5_(J)_4754.csv","Supine"
"2021-05-07-13-06-58-Messung_5_(J)_4755.csv","Supine"
"2021-05-07-13-06-58-Messung_5_(J)_4756.csv","Supine"
"2021-05-07-13-06-58-Messung_5_(J)_4757.csv","Supine"
"2021-05-07-13-06-59-Messung_5_(J)_4758.csv","Supine"
"2021-05-07-13-06-59-Messung_5_(J)_4759.csv","Supine"
"2021-05-07-13-06-59-Messung_5_(J)_4760.csv","Supine"
"2021-05-07-13-06-59-Messung_5_(J)_4761.csv","Supine"
"2021-05-07-13-06-59-Messung_5_(J)_4762.csv","Supine"
"2021-05-07-13-06-59-Messung_5_(J)_4763.csv","Supine"
"2021-05-07-13-06-59-Messung_5_(J)_4764.csv","Supine"
"2021-05-07-13-06-59-Messung_5_(J)_4765.csv","Supine"
"2021-05-07-13-06-59-Messung_5_(J)_4766.csv","Supine"
"2021-05-07-13-06-59-Messung_5_(J)_4767.csv","Supine"
"2021-05-07-13-06-59-Messung_5_(J)_4768.csv","Supine"
"2021-05-07-13-06-59-Messung_5_(J)_4769.csv","Supine"
"2021-05-07-13-06-59-Messung_5_(J)_4770.csv","Supine"
"2021-05-07-13-06-59-Messung_5_(J)_4771.csv","Supine"
"2021-05-07-13-06-59-Messung_5_(J)_4772.csv","Supine"
"2021-05-07-13-06-59-Messung_5_(J)_4773.csv","Supine"
"2021-05-07-13-06-59-Messung_5_(J)_4774.csv","Supine"
"2021-05-07-13-07-00-Messung_5_(J)_4775.csv","Supine"
"2021-05-07-13-07-00-Messung_5_(J)_4776.csv","Supine"
"2021-05-07-13-07-00-Messung_5_(J)_4777.csv","Supine"
"2021-05-07-13-07-00-Messung_5_(J)_4778.csv","Supine"
"2021-05-07-13-07-00-Messung_5_(J)_4779.csv","Supine"
"2021-05-07-13-07-00-Messung_5_(J)_4780.csv","Supine"
"2021-05-07-13-07-00-Messung_5_(J)_4781.csv","Supine"
"2021-05-07-13-07-00-Messung_5_(J)_4782.csv","Supine"
"2021-05-07-13-07-00-Messung_5_(J)_4783.csv","Supine"
"2021-05-07-13-07-00-Messung_5_(J)_4784.csv","Supine"
"2021-05-07-13-07-00-Messung_5_(J)_4785.csv","Supine"
"2021-05-07-13-07-00-Messung_5_(J)_4786.csv","Supine"
"2021-05-07-13-07-00-Messung_5_(J)_4787.csv","Supine"
"2021-05-07-13-07-00-Messung_5_(J)_4788.csv","Supine"
"2021-05-07-13-07-00-Messung_5_(J)_4789.csv","Supine"
"2021-05-07-13-07-00-Messung_5_(J)_4790.csv","Supine"
"2021-05-07-13-07-00-Messung_5_(J)_4791.csv","Supine"
"2021-05-07-13-07-00-Messung_5_(J)_4792.csv","Supine"
"2021-05-07-13-07-01-Messung_5_(J)_4793.csv","Supine"
"2021-05-07-13-07-01-Messung_5_(J)_4794.csv","Supine"
"2021-05-07-13-07-01-Messung_5_(J)_4795.csv","Supine"
"2021-05-07-13-07-01-Messung_5_(J)_4796.csv","Supine"
"2021-05-07-13-07-01-Messung_5_(J)_4797.csv","Supine"
"2021-05-07-13-07-01-Messung_5_(J)_4798.csv","Supine"
"2021-05-07-13-07-01-Messung_5_(J)_4799.csv","Supine"
"2021-05-07-13-07-01-Messung_5_(J)_4800.csv","Supine"
"2021-05-07-13-07-01-Messung_5_(J)_4801.csv","Supine"
"2021-05-07-13-07-01-Messung_5_(J)_4802.csv","Supine"
"2021-05-07-13-07-01-Messung_5_(J)_4803.csv","Supine"
"2021-05-07-13-07-01-Messung_5_(J)_4804.csv","Supine"
"2021-05-07-13-07-01-Messung_5_(J)_4805.csv","Supine"
"2021-05-07-13-07-01-Messung_5_(J)_4806.csv","Supine"
"2021-05-07-13-07-01-Messung_5_(J)_4807.csv","Supine"
"2021-05-07-13-07-01-Messung_5_(J)_4808.csv","Supine"
"2021-05-07-13-07-01-Messung_5_(J)_4809.csv","Supine"
"2021-05-07-13-07-01-Messung_5_(J)_4810.csv","Supine"
"2021-05-07-13-07-02-Messung_5_(J)_4811.csv","Changing"
"2021-05-07-13-07-02-Messung_5_(J)_4812.csv","Changing"
"2021-05-07-13-07-02-Messung_5_(J)_4813.csv","Changing"
"2021-05-07-13-07-02-Messung_5_(J)_4814.csv","Changing"
"2021-05-07-13-07-02-Messung_5_(J)_4815.csv","Changing"
"2021-05-07-13-07-02-Messung_5_(J)_4816.csv","Changing"
"2021-05-07-13-07-02-Messung_5_(J)_4817.csv","Changing"
"2021-05-07-13-07-02-Messung_5_(J)_4818.csv","Changing"
"2021-05-07-13-07-02-Messung_5_(J)_4819.csv","Changing"
"2021-05-07-13-07-02-Messung_5_(J)_4820.csv","Changing"
"2021-05-07-13-07-02-Messung_5_(J)_4821.csv","Changing"
"2021-05-07-13-07-02-Messung_5_(J)_4822.csv","Changing"
"2021-05-07-13-07-02-Messung_5_(J)_4823.csv","Changing"
"2021-05-07-13-07-02-Messung_5_(J)_4824.csv","Changing"
"2021-05-07-13-07-02-Messung_5_(J)_4825.csv","Changing"
"2021-05-07-13-07-02-Messung_5_(J)_4826.csv","Changing"
"2021-05-07-13-07-02-Messung_5_(J)_4827.csv","Changing"
"2021-05-07-13-07-03-Messung_5_(J)_4828.csv","Changing"
"2021-05-07-13-07-03-Messung_5_(J)_4829.csv","Changing"
"2021-05-07-13-07-03-Messung_5_(J)_4830.csv","Changing"
"2021-05-07-13-07-03-Messung_5_(J)_4831.csv","Changing"
"2021-05-07-13-07-03-Messung_5_(J)_4832.csv","Changing"
"2021-05-07-13-07-03-Messung_5_(J)_4833.csv","Changing"
"2021-05-07-13-07-03-Messung_5_(J)_4834.csv","SittingOnBed"
"2021-05-07-13-07-03-Messung_5_(J)_4835.csv","SittingOnBed"
"2021-05-07-13-07-03-Messung_5_(J)_4836.csv","SittingOnBed"
"2021-05-07-13-07-03-Messung_5_(J)_4837.csv","SittingOnBed"
"2021-05-07-13-07-03-Messung_5_(J)_4838.csv","SittingOnBed"
"2021-05-07-13-07-03-Messung_5_(J)_4839.csv","SittingOnBed"
"2021-05-07-13-07-03-Messung_5_(J)_4840.csv","SittingOnBed"
"2021-05-07-13-07-03-Messung_5_(J)_4841.csv","SittingOnBed"
"2021-05-07-13-07-03-Messung_5_(J)_4842.csv","SittingOnBed"
"2021-05-07-13-07-03-Messung_5_(J)_4843.csv","SittingOnBed"
"2021-05-07-13-07-03-Messung_5_(J)_4844.csv","SittingOnBed"
"2021-05-07-13-07-03-Messung_5_(J)_4845.csv","SittingOnBed"
"2021-05-07-13-07-04-Messung_5_(J)_4846.csv","SittingOnBed"
"2021-05-07-13-07-04-Messung_5_(J)_4847.csv","SittingOnBed"
"2021-05-07-13-07-04-Messung_5_(J)_4848.csv","SittingOnBed"
"2021-05-07-13-07-04-Messung_5_(J)_4849.csv","SittingOnBed"
"2021-05-07-13-07-04-Messung_5_(J)_4850.csv","SittingOnBed"
"2021-05-07-13-07-04-Messung_5_(J)_4851.csv","SittingOnBed"
"2021-05-07-13-07-04-Messung_5_(J)_4852.csv","SittingOnBed"
"2021-05-07-13-07-04-Messung_5_(J)_4853.csv","SittingOnBed"
"2021-05-07-13-07-04-Messung_5_(J)_4854.csv","SittingOnBed"
"2021-05-07-13-07-04-Messung_5_(J)_4855.csv","SittingOnBed"
"2021-05-07-13-07-04-Messung_5_(J)_4856.csv","SittingOnBed"
"2021-05-07-13-07-04-Messung_5_(J)_4857.csv","SittingOnBed"
"2021-05-07-13-07-04-Messung_5_(J)_4858.csv","SittingOnBed"
"2021-05-07-13-07-04-Messung_5_(J)_4859.csv","SittingOnBed"
"2021-05-07-13-07-04-Messung_5_(J)_4860.csv","SittingOnBed"
"2021-05-07-13-07-04-Messung_5_(J)_4861.csv","SittingOnBed"
"2021-05-07-13-07-04-Messung_5_(J)_4862.csv","SittingOnBed"
"2021-05-07-13-07-04-Messung_5_(J)_4863.csv","SittingOnBed"
"2021-05-07-13-07-05-Messung_5_(J)_4864.csv","SittingOnBed"
"2021-05-07-13-07-05-Messung_5_(J)_4865.csv","SittingOnBed"
"2021-05-07-13-07-05-Messung_5_(J)_4866.csv","SittingOnBed"
"2021-05-07-13-07-05-Messung_5_(J)_4867.csv","SittingOnBed"
"2021-05-07-13-07-05-Messung_5_(J)_4868.csv","SittingOnBed"
"2021-05-07-13-07-05-Messung_5_(J)_4869.csv","SittingOnBed"
"2021-05-07-13-07-05-Messung_5_(J)_4870.csv","SittingOnBed"
"2021-05-07-13-07-05-Messung_5_(J)_4871.csv","SittingOnBed"
"2021-05-07-13-07-05-Messung_5_(J)_4872.csv","SittingOnBed"
"2021-05-07-13-07-05-Messung_5_(J)_4873.csv","SittingOnBed"
"2021-05-07-13-07-05-Messung_5_(J)_4874.csv","SittingOnBed"
"2021-05-07-13-07-05-Messung_5_(J)_4875.csv","SittingOnBed"
"2021-05-07-13-07-05-Messung_5_(J)_4876.csv","SittingOnBed"
"2021-05-07-13-07-05-Messung_5_(J)_4877.csv","SittingOnBed"
"2021-05-07-13-07-05-Messung_5_(J)_4878.csv","SittingOnBed"
"2021-05-07-13-07-05-Messung_5_(J)_4879.csv","SittingOnBed"
"2021-05-07-13-07-05-Messung_5_(J)_4880.csv","SittingOnBed"
"2021-05-07-13-07-06-Messung_5_(J)_4881.csv","SittingOnBed"
"2021-05-07-13-07-06-Messung_5_(J)_4882.csv","SittingOnBed"
"2021-05-07-13-07-06-Messung_5_(J)_4883.csv","SittingOnBed"
"2021-05-07-13-07-06-Messung_5_(J)_4884.csv","SittingOnBed"
"2021-05-07-13-07-06-Messung_5_(J)_4885.csv","SittingOnBed"
"2021-05-07-13-07-06-Messung_5_(J)_4886.csv","SittingOnBed"
"2021-05-07-13-07-06-Messung_5_(J)_4887.csv","SittingOnBed"
"2021-05-07-13-07-06-Messung_5_(J)_4888.csv","SittingOnBed"
"2021-05-07-13-07-06-Messung_5_(J)_4889.csv","SittingOnBed"
"2021-05-07-13-07-06-Messung_5_(J)_4890.csv","SittingOnBed"
"2021-05-07-13-07-06-Messung_5_(J)_4891.csv","SittingOnBed"
"2021-05-07-13-07-06-Messung_5_(J)_4892.csv","SittingOnBed"
"2021-05-07-13-07-06-Messung_5_(J)_4893.csv","SittingOnBed"
"2021-05-07-13-07-06-Messung_5_(J)_4894.csv","SittingOnBed"
"2021-05-07-13-07-06-Messung_5_(J)_4895.csv","SittingOnBed"
"2021-05-07-13-07-06-Messung_5_(J)_4896.csv","SittingOnBed"
"2021-05-07-13-07-06-Messung_5_(J)_4897.csv","SittingOnBed"
"2021-05-07-13-07-06-Messung_5_(J)_4898.csv","SittingOnBed"
"2021-05-07-13-07-07-Messung_5_(J)_4899.csv","SittingOnBed"
"2021-05-07-13-07-07-Messung_5_(J)_4900.csv","SittingOnBed"
"2021-05-07-13-07-07-Messung_5_(J)_4901.csv","SittingOnBed"
"2021-05-07-13-07-07-Messung_5_(J)_4902.csv","SittingOnBed"
"2021-05-07-13-07-07-Messung_5_(J)_4903.csv","SittingOnBed"
"2021-05-07-13-07-07-Messung_5_(J)_4904.csv","SittingOnBed"
"2021-05-07-13-07-07-Messung_5_(J)_4905.csv","SittingOnBed"
"2021-05-07-13-07-07-Messung_5_(J)_4906.csv","SittingOnBed"
"2021-05-07-13-07-07-Messung_5_(J)_4907.csv","SittingOnBed"
"2021-05-07-13-07-07-Messung_5_(J)_4908.csv","SittingOnBed"
"2021-05-07-13-07-07-Messung_5_(J)_4909.csv","SittingOnBed"
"2021-05-07-13-07-07-Messung_5_(J)_4910.csv","SittingOnBed"
"2021-05-07-13-07-07-Messung_5_(J)_4911.csv","SittingOnBed"
"2021-05-07-13-07-07-Messung_5_(J)_4912.csv","SittingOnBed"
"2021-05-07-13-07-07-Messung_5_(J)_4913.csv","SittingOnBed"
"2021-05-07-13-07-07-Messung_5_(J)_4914.csv","SittingOnBed"
"2021-05-07-13-07-07-Messung_5_(J)_4915.csv","SittingOnBed"
"2021-05-07-13-07-07-Messung_5_(J)_4916.csv","SittingOnBed"
"2021-05-07-13-07-08-Messung_5_(J)_4917.csv","SittingOnBed"
"2021-05-07-13-07-08-Messung_5_(J)_4918.csv","SittingOnBed"
"2021-05-07-13-07-08-Messung_5_(J)_4919.csv","SittingOnBed"
"2021-05-07-13-07-08-Messung_5_(J)_4920.csv","SittingOnBed"
"2021-05-07-13-07-08-Messung_5_(J)_4921.csv","SittingOnBed"
"2021-05-07-13-07-08-Messung_5_(J)_4922.csv","SittingOnBed"
"2021-05-07-13-07-08-Messung_5_(J)_4923.csv","SittingOnBed"
"2021-05-07-13-07-08-Messung_5_(J)_4924.csv","SittingOnBed"
"2021-05-07-13-07-08-Messung_5_(J)_4925.csv","SittingOnBed"
"2021-05-07-13-07-08-Messung_5_(J)_4926.csv","SittingOnBed"
"2021-05-07-13-07-08-Messung_5_(J)_4927.csv","SittingOnBed"
"2021-05-07-13-07-08-Messung_5_(J)_4928.csv","SittingOnBed"
"2021-05-07-13-07-08-Messung_5_(J)_4929.csv","SittingOnBed"
"2021-05-07-13-07-08-Messung_5_(J)_4930.csv","SittingOnBed"
"2021-05-07-13-07-08-Messung_5_(J)_4931.csv","SittingOnBed"
"2021-05-07-13-07-08-Messung_5_(J)_4932.csv","SittingOnBed"
"2021-05-07-13-07-08-Messung_5_(J)_4933.csv","SittingOnBed"
"2021-05-07-13-07-08-Messung_5_(J)_4934.csv","SittingOnBed"
"2021-05-07-13-07-09-Messung_5_(J)_4935.csv","SittingOnBed"
"2021-05-07-13-07-09-Messung_5_(J)_4936.csv","SittingOnBed"
"2021-05-07-13-07-09-Messung_5_(J)_4937.csv","SittingOnBed"
"2021-05-07-13-07-09-Messung_5_(J)_4938.csv","SittingOnBed"
"2021-05-07-13-07-09-Messung_5_(J)_4939.csv","SittingOnBed"
"2021-05-07-13-07-09-Messung_5_(J)_4940.csv","SittingOnBed"
"2021-05-07-13-07-09-Messung_5_(J)_4941.csv","SittingOnBed"
"2021-05-07-13-07-09-Messung_5_(J)_4942.csv","SittingOnBed"
"2021-05-07-13-07-09-Messung_5_(J)_4943.csv","SittingOnBed"
"2021-05-07-13-07-09-Messung_5_(J)_4944.csv","SittingOnBed"
"2021-05-07-13-07-09-Messung_5_(J)_4945.csv","SittingOnBed"
"2021-05-07-13-07-09-Messung_5_(J)_4946.csv","SittingOnBed"
"2021-05-07-13-07-09-Messung_5_(J)_4947.csv","SittingOnBed"
"2021-05-07-13-07-09-Messung_5_(J)_4948.csv","SittingOnBed"
"2021-05-07-13-07-09-Messung_5_(J)_4949.csv","SittingOnBed"
"2021-05-07-13-07-09-Messung_5_(J)_4950.csv","SittingOnBed"
"2021-05-07-13-07-09-Messung_5_(J)_4951.csv","SittingOnBed"
"2021-05-07-13-07-10-Messung_5_(J)_4952.csv","SittingOnBed"
"2021-05-07-13-07-10-Messung_5_(J)_4953.csv","SittingOnBed"
"2021-05-07-13-07-10-Messung_5_(J)_4954.csv","SittingOnBed"
"2021-05-07-13-07-10-Messung_5_(J)_4955.csv","SittingOnBed"
"2021-05-07-13-07-10-Messung_5_(J)_4956.csv","SittingOnBed"
"2021-05-07-13-07-10-Messung_5_(J)_4957.csv","SittingOnBed"
"2021-05-07-13-07-10-Messung_5_(J)_4958.csv","SittingOnBed"
"2021-05-07-13-07-10-Messung_5_(J)_4959.csv","SittingOnBed"
"2021-05-07-13-07-10-Messung_5_(J)_4960.csv","SittingOnBed"
"2021-05-07-13-07-10-Messung_5_(J)_4961.csv","SittingOnBed"
"2021-05-07-13-07-10-Messung_5_(J)_4962.csv","SittingOnBed"
"2021-05-07-13-07-10-Messung_5_(J)_4963.csv","SittingOnBed"
"2021-05-07-13-07-10-Messung_5_(J)_4964.csv","SittingOnBed"
"2021-05-07-13-07-10-Messung_5_(J)_4965.csv","SittingOnBed"
"2021-05-07-13-07-10-Messung_5_(J)_4966.csv","SittingOnBed"
"2021-05-07-13-07-10-Messung_5_(J)_4967.csv","SittingOnBed"
"2021-05-07-13-07-10-Messung_5_(J)_4968.csv","SittingOnBed"
"2021-05-07-13-07-10-Messung_5_(J)_4969.csv","SittingOnBed"
"2021-05-07-13-07-11-Messung_5_(J)_4970.csv","SittingOnBed"
"2021-05-07-13-07-11-Messung_5_(J)_4971.csv","SittingOnBed"
"2021-05-07-13-07-11-Messung_5_(J)_4972.csv","SittingOnBed"
"2021-05-07-13-07-11-Messung_5_(J)_4973.csv","SittingOnBed"
"2021-05-07-13-07-11-Messung_5_(J)_4974.csv","SittingOnBed"
"2021-05-07-13-07-11-Messung_5_(J)_4975.csv","SittingOnBed"
"2021-05-07-13-07-11-Messung_5_(J)_4976.csv","SittingOnBed"
"2021-05-07-13-07-11-Messung_5_(J)_4977.csv","SittingOnBed"
"2021-05-07-13-07-11-Messung_5_(J)_4978.csv","SittingOnBed"
"2021-05-07-13-07-11-Messung_5_(J)_4979.csv","SittingOnBed"
"2021-05-07-13-07-11-Messung_5_(J)_4980.csv","SittingOnBed"
"2021-05-07-13-07-11-Messung_5_(J)_4981.csv","SittingOnBed"
"2021-05-07-13-07-11-Messung_5_(J)_4982.csv","SittingOnBed"
"2021-05-07-13-07-11-Messung_5_(J)_4983.csv","SittingOnBed"
"2021-05-07-13-07-11-Messung_5_(J)_4984.csv","SittingOnBed"
"2021-05-07-13-07-11-Messung_5_(J)_4985.csv","SittingOnBed"
"2021-05-07-13-07-11-Messung_5_(J)_4986.csv","SittingOnBed"
"2021-05-07-13-07-11-Messung_5_(J)_4987.csv","SittingOnBed"
"2021-05-07-13-07-12-Messung_5_(J)_4988.csv","SittingOnBed"
"2021-05-07-13-07-12-Messung_5_(J)_4989.csv","SittingOnBed"
"2021-05-07-13-07-12-Messung_5_(J)_4990.csv","SittingOnBed"
"2021-05-07-13-07-12-Messung_5_(J)_4991.csv","SittingOnBed"
"2021-05-07-13-07-12-Messung_5_(J)_4992.csv","SittingOnBed"
"2021-05-07-13-07-12-Messung_5_(J)_4993.csv","SittingOnBed"
"2021-05-07-13-07-12-Messung_5_(J)_4994.csv","SittingOnBed"
"2021-05-07-13-07-12-Messung_5_(J)_4995.csv","SittingOnBed"
"2021-05-07-13-07-12-Messung_5_(J)_4996.csv","SittingOnBed"
"2021-05-07-13-07-12-Messung_5_(J)_4997.csv","SittingOnBed"
"2021-05-07-13-07-12-Messung_5_(J)_4998.csv","SittingOnBed"
"2021-05-07-13-07-12-Messung_5_(J)_4999.csv","SittingOnBed"
"2021-05-07-13-07-12-Messung_5_(J)_5000.csv","SittingOnBed"
"2021-05-07-13-07-12-Messung_5_(J)_5001.csv","SittingOnBed"
"2021-05-07-13-07-12-Messung_5_(J)_5002.csv","SittingOnBed"
"2021-05-07-13-07-12-Messung_5_(J)_5003.csv","SittingOnBed"
"2021-05-07-13-07-12-Messung_5_(J)_5004.csv","SittingOnBed"
"2021-05-07-13-07-13-Messung_5_(J)_5005.csv","SittingOnBed"
"2021-05-07-13-07-13-Messung_5_(J)_5006.csv","SittingOnBed"
"2021-05-07-13-07-13-Messung_5_(J)_5007.csv","SittingOnBed"
"2021-05-07-13-07-13-Messung_5_(J)_5008.csv","SittingOnBed"
"2021-05-07-13-07-13-Messung_5_(J)_5009.csv","SittingOnBed"
"2021-05-07-13-07-13-Messung_5_(J)_5010.csv","SittingOnBed"
"2021-05-07-13-07-13-Messung_5_(J)_5011.csv","SittingOnBed"
"2021-05-07-13-07-13-Messung_5_(J)_5012.csv","SittingOnBed"
"2021-05-07-13-07-13-Messung_5_(J)_5013.csv","SittingOnBed"
"2021-05-07-13-07-13-Messung_5_(J)_5014.csv","SittingOnBed"
"2021-05-07-13-07-13-Messung_5_(J)_5015.csv","SittingOnBed"
"2021-05-07-13-07-13-Messung_5_(J)_5016.csv","SittingOnBed"
"2021-05-07-13-07-13-Messung_5_(J)_5017.csv","SittingOnBed"
"2021-05-07-13-07-13-Messung_5_(J)_5018.csv","SittingOnBed"
"2021-05-07-13-07-13-Messung_5_(J)_5019.csv","SittingOnBed"
"2021-05-07-13-07-13-Messung_5_(J)_5020.csv","SittingOnBed"
"2021-05-07-13-07-13-Messung_5_(J)_5021.csv","SittingOnBed"
"2021-05-07-13-07-13-Messung_5_(J)_5022.csv","SittingOnBed"
"2021-05-07-13-07-14-Messung_5_(J)_5023.csv","SittingOnBed"
"2021-05-07-13-07-14-Messung_5_(J)_5024.csv","SittingOnBed"
"2021-05-07-13-07-14-Messung_5_(J)_5025.csv","SittingOnBed"
"2021-05-07-13-07-14-Messung_5_(J)_5026.csv","SittingOnBed"
"2021-05-07-13-07-14-Messung_5_(J)_5027.csv","SittingOnBed"
"2021-05-07-13-07-14-Messung_5_(J)_5028.csv","SittingOnBed"
"2021-05-07-13-07-14-Messung_5_(J)_5029.csv","SittingOnBed"
"2021-05-07-13-07-14-Messung_5_(J)_5030.csv","SittingOnBed"
"2021-05-07-13-07-14-Messung_5_(J)_5031.csv","SittingOnBed"
"2021-05-07-13-07-14-Messung_5_(J)_5032.csv","SittingOnBed"
"2021-05-07-13-07-14-Messung_5_(J)_5033.csv","SittingOnBed"
"2021-05-07-13-07-14-Messung_5_(J)_5034.csv","SittingOnBed"
"2021-05-07-13-07-14-Messung_5_(J)_5035.csv","SittingOnBed"
"2021-05-07-13-07-14-Messung_5_(J)_5036.csv","SittingOnBed"
"2021-05-07-13-07-14-Messung_5_(J)_5037.csv","SittingOnBed"
"2021-05-07-13-07-14-Messung_5_(J)_5038.csv","SittingOnBed"
"2021-05-07-13-07-14-Messung_5_(J)_5039.csv","SittingOnBed"
"2021-05-07-13-07-14-Messung_5_(J)_5040.csv","SittingOnBed"
"2021-05-07-13-07-15-Messung_5_(J)_5041.csv","SittingOnBed"
"2021-05-07-13-07-15-Messung_5_(J)_5042.csv","SittingOnBed"
"2021-05-07-13-07-15-Messung_5_(J)_5043.csv","SittingOnBed"
"2021-05-07-13-07-15-Messung_5_(J)_5044.csv","SittingOnBed"
"2021-05-07-13-07-15-Messung_5_(J)_5045.csv","SittingOnBed"
"2021-05-07-13-07-15-Messung_5_(J)_5046.csv","SittingOnBed"
"2021-05-07-13-07-15-Messung_5_(J)_5047.csv","SittingOnBed"
"2021-05-07-13-07-15-Messung_5_(J)_5048.csv","SittingOnBed"
"2021-05-07-13-07-15-Messung_5_(J)_5049.csv","SittingOnBed"
"2021-05-07-13-07-15-Messung_5_(J)_5050.csv","SittingOnBed"
"2021-05-07-13-07-15-Messung_5_(J)_5051.csv","SittingOnBed"
"2021-05-07-13-07-15-Messung_5_(J)_5052.csv","SittingOnBed"
"2021-05-07-13-07-15-Messung_5_(J)_5053.csv","SittingOnBed"
"2021-05-07-13-07-15-Messung_5_(J)_5054.csv","SittingOnBed"
"2021-05-07-13-07-15-Messung_5_(J)_5055.csv","SittingOnBed"
"2021-05-07-13-07-15-Messung_5_(J)_5056.csv","SittingOnBed"
"2021-05-07-13-07-15-Messung_5_(J)_5057.csv","SittingOnBed"
"2021-05-07-13-07-16-Messung_5_(J)_5058.csv","SittingOnBed"
"2021-05-07-13-07-16-Messung_5_(J)_5059.csv","SittingOnBed"
"2021-05-07-13-07-16-Messung_5_(J)_5060.csv","SittingOnBed"
"2021-05-07-13-07-16-Messung_5_(J)_5061.csv","SittingOnBed"
"2021-05-07-13-07-16-Messung_5_(J)_5062.csv","SittingOnBed"
"2021-05-07-13-07-16-Messung_5_(J)_5063.csv","SittingOnBed"
"2021-05-07-13-07-16-Messung_5_(J)_5064.csv","SittingOnBed"
"2021-05-07-13-07-16-Messung_5_(J)_5065.csv","SittingOnBed"
"2021-05-07-13-07-16-Messung_5_(J)_5066.csv","SittingOnBed"
"2021-05-07-13-07-16-Messung_5_(J)_5067.csv","SittingOnBed"
"2021-05-07-13-07-16-Messung_5_(J)_5068.csv","SittingOnBed"
"2021-05-07-13-07-16-Messung_5_(J)_5069.csv","SittingOnBed"
"2021-05-07-13-07-16-Messung_5_(J)_5070.csv","SittingOnBed"
"2021-05-07-13-07-16-Messung_5_(J)_5071.csv","SittingOnBed"
"2021-05-07-13-07-16-Messung_5_(J)_5072.csv","SittingOnBed"
"2021-05-07-13-07-16-Messung_5_(J)_5073.csv","SittingOnBed"
"2021-05-07-13-07-16-Messung_5_(J)_5074.csv","SittingOnBed"
"2021-05-07-13-07-16-Messung_5_(J)_5075.csv","SittingOnBed"
"2021-05-07-13-07-17-Messung_5_(J)_5076.csv","SittingOnBed"
"2021-05-07-13-07-17-Messung_5_(J)_5077.csv","SittingOnBed"
"2021-05-07-13-07-17-Messung_5_(J)_5078.csv","SittingOnBed"
"2021-05-07-13-07-17-Messung_5_(J)_5079.csv","SittingOnBed"
"2021-05-07-13-07-17-Messung_5_(J)_5080.csv","SittingOnBed"
"2021-05-07-13-07-17-Messung_5_(J)_5081.csv","SittingOnBed"
"2021-05-07-13-07-17-Messung_5_(J)_5082.csv","SittingOnBed"
"2021-05-07-13-07-17-Messung_5_(J)_5083.csv","SittingOnBed"
"2021-05-07-13-07-17-Messung_5_(J)_5084.csv","SittingOnBed"
"2021-05-07-13-07-17-Messung_5_(J)_5085.csv","SittingOnBed"
"2021-05-07-13-07-17-Messung_5_(J)_5086.csv","SittingOnBed"
"2021-05-07-13-07-17-Messung_5_(J)_5087.csv","SittingOnBed"
"2021-05-07-13-07-17-Messung_5_(J)_5088.csv","SittingOnBed"
"2021-05-07-13-07-17-Messung_5_(J)_5089.csv","SittingOnBed"
"2021-05-07-13-07-17-Messung_5_(J)_5090.csv","SittingOnBed"
"2021-05-07-13-07-17-Messung_5_(J)_5091.csv","SittingOnBed"
"2021-05-07-13-07-17-Messung_5_(J)_5092.csv","SittingOnBed"
"2021-05-07-13-07-17-Messung_5_(J)_5093.csv","SittingOnBed"
"2021-05-07-13-07-18-Messung_5_(J)_5094.csv","SittingOnBed"
"2021-05-07-13-07-18-Messung_5_(J)_5095.csv","SittingOnBed"
"2021-05-07-13-07-18-Messung_5_(J)_5096.csv","SittingOnBed"
"2021-05-07-13-07-18-Messung_5_(J)_5097.csv","SittingOnBed"
"2021-05-07-13-07-18-Messung_5_(J)_5098.csv","SittingOnBed"
"2021-05-07-13-07-18-Messung_5_(J)_5099.csv","SittingOnBed"
"2021-05-07-13-07-18-Messung_5_(J)_5100.csv","SittingOnBed"
"2021-05-07-13-07-18-Messung_5_(J)_5101.csv","SittingOnBed"
"2021-05-07-13-07-18-Messung_5_(J)_5102.csv","SittingOnBed"
"2021-05-07-13-07-18-Messung_5_(J)_5103.csv","SittingOnBed"
"2021-05-07-13-07-18-Messung_5_(J)_5104.csv","SittingOnBed"
"2021-05-07-13-07-18-Messung_5_(J)_5105.csv","SittingOnBed"
"2021-05-07-13-07-18-Messung_5_(J)_5106.csv","SittingOnBed"
"2021-05-07-13-07-18-Messung_5_(J)_5107.csv","SittingOnBed"
"2021-05-07-13-07-18-Messung_5_(J)_5108.csv","SittingOnBed"
"2021-05-07-13-07-18-Messung_5_(J)_5109.csv","SittingOnBed"
"2021-05-07-13-07-18-Messung_5_(J)_5110.csv","SittingOnBed"
"2021-05-07-13-07-19-Messung_5_(J)_5111.csv","SittingOnBed"
"2021-05-07-13-07-19-Messung_5_(J)_5112.csv","SittingOnBed"
"2021-05-07-13-07-19-Messung_5_(J)_5113.csv","SittingOnBed"
"2021-05-07-13-07-19-Messung_5_(J)_5114.csv","SittingOnBed"
"2021-05-07-13-07-19-Messung_5_(J)_5115.csv","SittingOnBed"
"2021-05-07-13-07-19-Messung_5_(J)_5116.csv","SittingOnBed"
"2021-05-07-13-07-19-Messung_5_(J)_5117.csv","SittingOnBed"
"2021-05-07-13-07-19-Messung_5_(J)_5118.csv","SittingOnBed"
"2021-05-07-13-07-19-Messung_5_(J)_5119.csv","SittingOnBed"
"2021-05-07-13-07-19-Messung_5_(J)_5120.csv","SittingOnBed"
"2021-05-07-13-07-19-Messung_5_(J)_5121.csv","SittingOnBed"
"2021-05-07-13-07-19-Messung_5_(J)_5122.csv","SittingOnBed"
"2021-05-07-13-07-19-Messung_5_(J)_5123.csv","SittingOnBed"
"2021-05-07-13-07-19-Messung_5_(J)_5124.csv","SittingOnBed"
"2021-05-07-13-07-19-Messung_5_(J)_5125.csv","SittingOnBed"
